55595
61056
4910
21254
32042
13128
16156
32830
25126
56613
27986
1728
11784
35314
64108
54454
56213
62546
55643
24210
21971
49496
18462
31800
47632
41576
13789
2595
2623
19508
62397
12235
48226
8920
59578
30178
37812
56470
57460
1833
57781
12230
50027
14095
8779
46933
8946
32781
55511
29299
46798
837
25406
65267
6072
63417
24487
3204
26715
30167
18830
28610
38340
62854
65409
39768
46162
12940
43093
61962
37666
14385
37773
46883
58399
34120
9838
24984
3036
27885
32594
28058
7490
5273
28662
16923
50357
5026
55464
7256
38277
56080
31706
4070
8587
24747
23137
27192
13530
54683
6113
17899
21995
21417
2855
47371
13814
63017
61122
61569
11566
24463
26219
7342
3350
56198
8845
63721
52869
30523
53836
43534
19169
61579
43857
29849
1009
62012
60813
58498
64516
53971
7679
63822
11159
63575
22488
23081
42313
513
18224
61004
22223
41859
9094
20928
19260
24645
10109
43510
23363
31969
2264
38332
4547
14361
18095
15993
9439
49903
64288
61263
49494
39750
36067
41124
731
8168
27731
42496
15322
44431
57559
40482
19267
57422
11862
57149
16599
39978
60957
34020
9383
11197
40910
64112
64826
1290
18142
5035
41095
20627
34970
790
34784
33775
49339
46095
21032
28902
732
18763
17584
19529
24392
10706
42817
18635
59319
39211
37734
17648
39951
5905
30370
40663
33506
32359
30774
59619
20982
64915
369
25700
21930
41684
34086
28587
24964
37162
3470
44504
18800
61556
37706
42867
18465
43337
61756
60128
64089
19575
12557
48944
38905
35456
4908
22250
48960
20716
48330
18386
46729
55440
49298
50288
64172
7365
35861
2843
51327
11311
56826
41898
21698
35078
50209
60582
1887
43956
11460
14902
19617
11587
31623
1456
8123
19580
9038
22547
28663
55939
11242
31125
7858
53018
9447
28133
34153
77
45922
34616
50275
39459
58409
51770
44384
30860
11560
9592
1088
39770
21133
33741
55468
14142
27365
24767
12821
17506
19523
11741
10493
29076
28540
31874
2986
59387
47672
59523
9157
57086
43052
61656
55988
44448
59211
29462
14566
20564
42456
27296
2360
7986
33481
33952
39689
57538
62071
5405
56852
51569
20232
32831
8433
55089
57264
37451
20734
47805
51307
65191
41080
62071
14705
56190
19244
45796
62310
14925
6443
7594
25845
42748
61103
16422
62017
45692
14530
1040
52379
32223
27546
32469
26690
61841
7311
13984
32289
15000
60510
36192
51149
56214
33918
48882
30806
47559
32417
38855
9411
29692
47865
44377
64365
2150
7770
53910
53469
57855
41231
5690
17947
46824
26290
32816
14999
30266
29005
56781
61275
41672
55
7285
34381
8875
61764
4882
2035
24654
1424
32437
6383
19538
26762
64672
36331
52881
50238
32567
55278
50234
21512
14086
18469
6304
36566
38455
5779
64739
6956
47655
38000
7570
45704
33091
42657
59025
62950
9137
10955
10910
26744
55560
29489
1674
55744
30385
58447
31829
10878
1565
52394
24585
24931
55136
42640
64008
14361
1631
14625
48527
61311
10838
6943
131
27080
21712
42547
16024
14232
780
20966
57667
11127
57669
52624
50404
56453
8841
6810
55445
20205
15807
43615
50670
21884
43139
34181
23379
19537
25126
45677
43358
13904
43066
33729
17974
3499
22421
28483
61791
57321
18265
3982
62099
52435
43883
7806
17785
63927
16745
20688
2482
64050
26453
34893
14586
54450
10122
6402
8875
30687
26949
54288
15430
33676
34160
28670
18989
49549
22574
13774
12538
1276
54033
45906
56022
49343
47662
22481
3563
56261
47430
44966
37810
58202
44682
47062
62089
10940
52284
57520
23709
60627
51469
7032
33781
50498
48861
44947
9516
64028
17743
24198
51747
42069
49780
46477
21995
6308
54131
61250
25287
2369
31828
12400
29987
15497
19821
27767
37438
4875
45826
14047
16762
39456
61139
30089
8627
12020
56469
32337
46290
58266
22141
58977
42898
19165
34941
55845
32954
12873
59032
39597
15422
57274
15455
349
1606
29920
19473
22695
20807
6701
41587
52338
5817
35361
32950
62559
8596
25014
1883
63840
58203
61886
26039
15959
10827
21254
56561
48676
49993
18139
3532
12279
10051
26957
12858
60025
53328
32150
11361
38637
3089
60205
14549
54998
26708
54062
60925
49972
37007
39732
50682
23471
16554
52631
59500
1397
40625
45758
59804
56770
32534
30077
63764
31206
19110
4099
7096
17537
29558
27592
10151
57084
19446
58071
6741
59720
54500
51619
37376
50253
64001
4162
33120
10931
59536
48474
58336
8403
28052
23244
44172
45830
6611
10848
11001
22930
45739
19479
17817
8987
30769
58041
2763
40445
55107
5382
45600
44557
41537
28459
16227
9992
58396
28227
59412
18366
55834
8580
34234
38931
22754
56055
44361
33951
22703
10054
2730
52639
32480
28358
19970
58393
22846
45824
60624
51762
44579
19445
17828
32760
60054
12087
2925
58893
62687
38780
19918
32978
645
15012
65150
52550
29594
55794
4392
40492
27413
35284
52584
35505
57599
60886
54265
49907
15668
23918
64630
62850
51669
1561
1888
49565
41466
43565
2642
5578
46734
54176
63567
56142
10969
32345
16932
10459
17146
10257
21658
61027
8109
55372
19664
7918
56046
4021
45916
11407
50676
8806
50790
64671
50839
12370
4850
18887
37214
28108
4394
30351
19617
63732
15336
19347
6777
17037
13000
51716
8949
11170
24873
51594
44311
37658
17037
29262
11614
58712
44275
2784
22774
18267
27785
8286
19860
40422
64056
51921
63924
19250
3235
13969
46649
12624
3709
7102
21192
45113
53365
30858
62746
56215
2559
42503
14982
16418
30667
31483
42122
8512
15033
12748
37602
61976
19097
2698
5582
49232
59731
7110
2233
43821
12492
21462
16495
5066
58558
40645
39516
14831
2760
889
23044
20158
34746
23665
6113
34951
57565
30023
43860
25274
40249
47722
12772
32399
5138
28478
42981
15730
53257
276
50925
8528
60301
984
53064
30751
43898
30313
63048
57772
19923
10699
43866
1673
54149
54335
34417
11595
27175
41011
35296
22724
11820
412
10692
32456
11189
61815
47109
4848
22535
52402
8733
4525
62420
24175
30018
46994
11711
21179
4146
15347
27073
19344
16865
33625
10418
11923
23631
35654
59579
61467
924
55762
53524
17196
29460
39803
52792
5423
42570
62638
11074
31064
27714
25327
34188
33432
60837
12677
28888
52233
16234
30808
7735
55200
10039
64126
40258
48169
10223
41998
58143
64574
13391
44512
11387
36417
10894
60640
57771
60339
62016
32217
3489
44207
37798
32737
37629
19479
15528
11176
16676
38885
49531
47898
14178
16952
49504