27745
53850
30180
18630
34086
38709
34880
64201
24834
62363
41297
33326
25970
16045
14221
63384
50933
12817
35709
31241
42410
34239
19492
11172
53907
9598
2478
23631
54881
2347
60858
18776
5629
41124
3558
40079
9207
37890
29606
19696
51321
5996
4034
31539
54047
40386
35153
54629
14735
11691
32076
55223
43855
62460
47285
14315
3510
48207
46700
7401
42000
577
11486
23764
59087
43065
23458
26095
46378
54611
14031
6818
60128
2980
29173
53977
26136
55021
49033
56192
18744
2001
61200
52667
1002
16628
48941
10342
22175
21132
64550
47922
48292
31875
15718
62858
14525
6497
57108
22369
51167
19800
61321
22791
56600
9353
18576
45332
21812
48476
15144
35858
13159
36991
45549
62527
42726
46606
32447
17376
57286
59659
2548
58122
15345
46621
61170
3450
37382
32334
52189
40689
48721
11082
11557
35217
17381
26551
48067
44536
18790
19692
28288
7021
59412
19171
20947
39177
59576
49946
33992
37697
33764
56164
394
60143
11515
12589
40356
31979
55810
60020
7289
49177
15445
23106
52097
14413
15112
23942
27877
63562
16075
56844
4443
25177
35013
50019
29954
53658
17561
55498
56941
63133
49245
5201
50131
21111
36273
26813
19340
44352
34838
49496
41458
25372
14264
57026
24132
30873
7092
36978
20127
7444
5211
19956
9021
39090
20141
28271
52785
30840
9881
32720
55468
3105
22052
11258
7041
34747
4347
53779
28102
61060
2226
50605
48622
9442
51403
57739
14736
23261
11036
37615
52534
39973
24284
3361
64796
28911
33856
52110
57448
18073
63618
39627
4622
42354
43466
4804
16604
42736
33934
7721
52174
21979
25146
14737
30311
44722
29494
18175
315
3567
34514
36143
53571
7806
33514
17466
244
35420
4505
6027
46436
37180
1130
17661
50151
64971
52170
27908
58265
35906
24860
42893
27174
5897
10846
57874
60397
48857
2043
61614
55420
27148
31707
20876
33118
31747
13037
1300
47094
31440
31353
54083
36079
44837
45799
55846
25217
14380
5524
34951
7425
683
52832
29868
27156
53553
2025
38724
32549
6545
56865
22875
21863
33116
23829
42330
64782
55942
9342
31661
1154
1423
47598
12069
12600
545
5939
40608
60828
12282
50647
9379
39818
19813
56244
36330
46235
42540
29311
5181
65181
46038
33055
17476
38151
26368
8807
46252
60286
28543
25664
40657
16596
57746
45793
34141
26909
22783
56127
54917
32324
8310
53431
56928
2035
23355
64904
6906
24758
9453
46918
40549
16171
51341
16733
21835
21368
41737
27217
64120
15289
54278
20389
62024
44718
45875
65153
49578
2900
20519
33350
55115
34179
57828
1970
51099
23967
62283
6136
46924
49422
29297
29322
13590
54337
48708
34198
51767
41595
1024
38365
11723
40152
52447
46124
56292
44807
42756
61675
45967
55291
30001
25370
13678
34110
16046
61651
58493
38521
51933
16834
26634
63608
64885
61166
43989
44122
15963
64718
18566
63468
54971
60256
4311
9150
19845
48336
10244
15642
51917
15387
51073
2840
42348
46446
13923
44790
18458
5199
58931
61556
38897
1198
62440
51484
55429
49484
8755
33960
52358
9573
22225
11092
53525
59526
50519
54578
9513
44348
21158
24841
643
13650
16819
45594
34725
48615
20545
40173
16756
16959
4215
22548
133
48347
25142
2629
14438
61898
56297
59451
34143
34604
46743
30077
34493
54624
54637
43409
18185
53015
27915
62250
10404
9988
2709
12082
43222
38795
1114
7006
57555
53151
6163
43520
37157
11970
28617
39762
37626
41400
49545
42915
63333
25683
40985
5745
52419
16169
24527
43127
61219
63231
64946
40581
39684
62221
7186
15185
25902
33573
30882
33004
58113
46882
50962
24092
34874
13002
55034
39917
58794
23531
25975
9944
61787
55733
7377
47074
64475
16207
62522
50516
64566
17137
64364
13878
19651
32383
33289
15494
18488
49803
37562
37154
47564
57131
351
39449
41947
41871
33855
51583
22555
3541
55903
12180
6974
52369
34651
62901
14327
53773
32401
46214
52477
33195
35507
20225
14016
9471
58196
8914
44049
52224
6077
8271
62609
58207
9505
4142
53401
18794
48701
16509
33054
9306
45689
4022
9565
24942
33558
24931
28213
7062
37727
64153
44
55127
15815
53741
3352
48087
43688
2203
46681
15684
30828
54057
25093
28917
4545
17206
21102
27694
33603
37506
3734
4618
45279
56524
15973
40177
21564
30949
31057
13158
45177
33840
30822
28235
46663
45656
43824
1265
58699
39603
60822
43739
38550
10710
21934
29728
55632
60779
43811
30014
48519
33492
39625
25203
16628
46567
53928
27947
4756
53057
2563
10992
27040
61849
18257
38698
29201
30802
52886
40664
64245
5989
11955
21172
5032
26503
18803
63266
8055
25316
11320
61726
40303
50343
14394
36134
30211
31969
4764
56899
47599
7594
42730
37186
24212
5203
45745
21286
4211
27713
52702
13586
22970
11432
18364
21682
8649
4046
64905
65150
7517
63692
52714
16673
41954
921
62983
7628
22394
42885
32291
39806
55763
38680
2026
57759
40868
43039
35542
42678
64455
47900
30343
38438
54957
38488
64059
38017
58395
30877
6252
44529
54536
23335
23347
22371
60999
52791
58851
27007
22273
35742
19980
54115
54632
36032
7651
42827
50856
32293
27580
36702
53249
32531
8123
34324
42057
248
7852
62259
9198
20556
17606
14661
13663
14106
29251
24807
16029
36060
30299
38356
43929
35007
27811
38496
29975
52425
59325
57945
16737
7828
31124
60151
42074
64261
25302
24069
38335
9732
8416
13026
8597
18844
29054
15347
30913
50157
35100
53980
60987
9124
36496
48950
59440
46776
51198
28464
65059
44464
53742
8232
56197
61966
27571
11741
30784
44974
14852
9280
6136
36890
41245
53059
24902
33606
53587
17724
15396
60606
14521
17043
3141
47405
10622
45175
41741
10866
19315
28259
44579
14200
429
4428
17973
52597
63921
22894
1642
5174
20986
55233
20246
1343
4412
46712
25973
19178
41859
54469
30485
20130
49211
47876
20154
2182
49953
29887
1953
5253
19662
32581
15853
48904
2103
36580
10935
11571
29394
62181
48063
7737
24710
34025
53131
50752
38252
48118
61751
61906
17693
6079
52530
64424
27722
46621
4969
30020
51533
33444
8273
8112
56307
60824
28970
38377
56900
48302
38754
52668
20056
24073
20263
53566
50347
55722
3010
9767
40537
42645
8239
6738
62478
1608
12532
31095
35992
33673
62581
61115
63867
46639
37547
58634
53072
22466
38853
59447
45212
59681
50323
13991
42620
15162
55539
52896
63864
20919
29041
41773
44671
40980
45268
49663
5402
61617
61748
44182
1371
58916
31773
10997
22737