55595
61056
4910
21254
32042
13128
16156
32830
25126
56613
27986
1728
11784
35314
64108
54454
56213
62546
55643
24210
21971
49496
18462
31800
47632
41576
13789
2595
2623
19508
62397
12235
48226
8920
59578
30178
37812
56470
57460
1833
57781
12230
50027
14095
8779
46933
8946
32781
55511
29299
46798
837
25406
65267
6072
63417
24487
3204
26715
30167
18830
28610
38340
62854
65409
39768
46162
12940
43093
61962
37666
14385
37773
46883
58399
34120
9838
24984
3036
27885
32594
28058
7490
5273
28662
16923
50357
5026
55464
7256
38277
56080
31706
4070
8587
24747
23137
27192
13530
54683
6113
17899
21995
21417
2855
47371
13814
63017
61122
61569
11566
24463
26219
7342
3350
56198
8845
63721
52869
30523
53836
43534
19169
61579
43857
29849
1009
62012
60813
58498
64516
53971
7679
63822
11159
63575
22488
23081
42313
513
18224
61004
22223
41859
9094
20928
19260
24645
10109
43510
23363
31969
2264
38332
4547
14361
18095
15993
9439
49903
64288
61263
49494
39750
36067
41124
731
8168
27731
42496
15322
44431
57559
40482
19267
57422
11862
57149
16599
39978
60957
34020
9383
11197
40910
64112
64826
1290
18142
5035
41095
20627
34970
790
34784
33775
49339
46095
21032
28902
732
18763
17584
19529
24392
10706
42817
18635
59319
39211
37734
17648
39951
5905
30370
40663
33506
32359
30774
59619
20982
64915
369
25700
21930
41684
34086
28587
24964
37162
3470
44504
18800
61556
37706
42867
18465
43337
61756
60128
64089
19575
12557
48944
38905
35456
4908
22250
48960
20716
48330
18386
46729
55440
49298
50288
64172
7365
35861
2843
51327
11311
56826
41898
21698
35078
50209
60582
1887
43956
11460
14902
19617
11587
31623
1456
8123
19580
9038
22547
28663
55939
11242
31125
7858
53018
9447
28133
34153
77
45922
34616
50275
39459
58409
51770
44384
30860
11560
9592
1088
39770
21133
33741
55468
14142
27365
24767
12821
17506
19523
11741
10493
29076
28540
31874
2986
59387
47672
59523
9157
57086
43052
61656
55988
44448
59211
29462
14566
20564
42456
27296
2360
7986
33481
33952
39689
57538
62071
5405
56852
51569
20232
32831
8433
55089
57264
37451
20734
47805
51307
65191
41080
62071
14705
56190
19244
45796
62310
14925
6443
7594
25845
42748
61103
16422
62017
45692
14530
1040
52379
32223
27546
32469
26690
61841
7311
13984
32289
15000
60510
36192
51149
56214
33918
48882
30806
47559
32417
38855
9411
29692
47865
44377
64365
2150
7770
53910
53469
57855
41231
5690
17947
46824
26290
32816
14999
30266
29005
56781
61275
41672
55
7285
34381
8875
61764
4882
2035
24654
1424
32437
6383
19538
26762
64672
36331
52881
50238
32567
55278
50234
21512
14086
18469
6304
36566
38455
5779
64739
6956
47655
38000
7570
45704
33091
42657
59025
62950
9137
10955
10910
26744
55560
29489
1674
55744
30385
58447
31829
10878
1565
52394
24585
24931
55136
42640
64008
14361
1631
14625
48527
61311
10838
6943
131
27080
21712
42547
16024
14232
780
20966
57667
11127
57669
52624
50404
56453
8841
6810
55445
20205
15807
43615
50670
21884
43139
34181
23379
19537
25126
45677
43358
13904
43066
33729
17974
3499
22421
28483
61791
57321
18265
3982
62099
52435
43883
7806
17785
63927
16745
20688
2482
64050
26453
34893
14586
54450
10122
6402
8875
30687
26949
54288
15430
33676
34160
28670
18989
49549
22574
13774
12538
1276
54033
45906
56022
49343
47662
22481
3563
56261
47430
44966
37810
58202
44682
47062
62089
10940
52284
57520
23709
60627
51469
7032
33781
50498
48861
44947
9516
64028
17743
24198
51747
42069
49780
46477
21995
6308
54131
61250
25287
2369
31828
12400
29987
15497
19821
27767
37438
4875
45826
14047
16762
39456
61139
30089
8627
12020
56469
32337
46290
58266
22141
58977
42898
19165
34941
55845
32954
12873
59032
39597
15422
57274
15455
349
1606
29920
19473
22695
20807
6701
41587
52338
5817
35361
32950
62559
8596
25014
1883
63840
58203
61886
26039
15959
10827
21254
56561
48676
49993
18139
3532
12279
10051
26957
12858
60025
53328
32150
11361
38637
3089
60205
14549
54998
26708
54062
60925
49972
37007
39732
50682
23471
16554
52631
59500
1397
40625
45758
59804
56770
32534
30077
63764
31206
19110
4099
7096
17537
29558
27592
10151
57084
19446
58071
6741
59720
54500
51619
37376
50253
64001
4162
33120
10931
59536
48474
58336
8403
28052
23244
44172
45830
6611
10848
11001
22930
45739
19479
17817
8987
30769
58041
2763
40445
55107
5382
45600
44557
41537
28459
16227
9992
58396
28227
59412
18366
55834
8580
34234
38931
22754
56055
44361
33951
22703
10054
2730
52639
32480
28358
19970
58393
22846
45824
60624
51762
44579
19445
17828
32760
60054
12087
2925
58893
62687
38780
19918
32978
645
15012
65150
52550
29594
55794
4392
40492
27413
35284
52584
35505
57599
60886
54265
49907
15668
23918
64630
62850
51669
1561
1888
49565
41466
43565
2642
5578
46734
54176
63567
56142
10969
32345
16932
10459
17146
10257
21658
61027
8109
55372
19664
7918
56046
4021
45916
11407
50676
8806
50790
64671
50839
12370
4850
18887
37214
28108
4394
30351
19617
63732
15336
19347
6777
17037
13000
51716
8949
11170
24873
51594
44311
37658
17037
29262
11614
58712
44275
2784
22774
18267
27785
8286
19860
40422
64056
51921
63924
19250
3235
13969
46649
12624
3709
7102
21192
45113
53365
30858
62746
56215
2559
42503
14982
16418
30667
31483
42122
8512
15033
12748
37602
61976
19097
2698
5582
49232
59731
7110
2233
43821
12492
21462
16495
5066
58558
40645
39516
14831
2760
889
23044
20158
34746
23665
6113
34951
57565
30023
43860
25274
40249
47722
12772
32399
5138
28478
42981
15730
53257
276
50925
8528
60301
984
53064
30751
43898
30313
63048
57772
19923
10699
43866
1673
54149
54335
34417
11595
27175
41011
35296
22724
11820
412
10692
32456
11189
61815
47109
4848
22535
52402
8733
4525
62420
24175
30018
46994
11711
21179
4146
15347
27073
19344
16865
33625
10418
11923
23631
35654
59579
61467
924
55762
53524
17196
29460
39803
52792
5423
42570
62638
11074
31064
27714
25327
34188
33432
60837
12677
28888
52233
16234
30808
7735
55200
10039
64126
40258
48169
10223
41998
58143
64574
13391
44512
11387
36417
10894
60640
57771
60339
62016
32217
3489
44207
37798
32737
37629
19479
15528
11176
16676
38885
49531
47898
14178
16952
49504
48146
44905
62661
11641
13701
60350
57755
62313
37740
64583
38886
43286
36596
11335
43020
38214
9906
54621
54986
62251
44600
58440
3800
45673
63776
63231
29361
41685
32215
37641
3322
60252
50048
38688
55671
4847
12449
16638
36367
9911
30831
7468
533
21064
33155
158
47377
33341
63281
52763
30431
3109
64760
48636
23783
58491
20895
49912
51516
28011
49195
33535
20594
55028
36265
795
33421
36148
28953
20310
32248
35688
27633
57522
9799
12004
44583
50140
65378
65000
27668
3232
5950
31170
60927
34825
23288
60938
34100
64318
15711
50259
54122
24581
38082
54287
43222
48161
62801
19373
2944
5778
33611
47755
50766
32178
62801
2987
16461
38995
26829
51911
31507
4221
23622
980
29964
42599
5617
33747
47577
18396
37217
19840
39502
51700
13735
57085
40271
44114
30546
49765
17246
38714
21683
38680
50168
31377
27923
55839
56421
41191
58156
57496
55541
43467
16329
46063
26445
65275
62338
5370
32338
62998
29751
18580
21624
62057
36501
51007
24628
41421
10322
56382
7238
21730
64427
40228
9624
34758
14038
20685
7655
56634
48579
58523
2431
5461
30091
10520
40366
32672
35183
61541
5958
50675
4820
39086
9672
58569
47476
4766
57145
37931
15595
21937
31723
40987
63521
17454
57939
61961
27919
61557
36782
47080
11866
57914
28224
49021
39438
38265
35682
47563
15799
4548
18432
20820
11317
21204
60847
10643
20369
16950
54950
19989
23713
55897
1275
10185
47316
19741
40909
11715
30228
25348
61580
22973
2752
42978
29860
24343
1915
21099
36791
23150
35477
54027
43284
36928
55972
15540
30093
63509
14019
15231
36857
58002
48600
25598
29318
16217
16060
36927
24087
16184
3637
58959
55245
53551
31413
56297
47062
32542
10935
46662
8920
26394
33409
58766
4437
39548
42931
48546
8472
45423
61951
9258
60318
39869
36889
49826
20715
23956
41265
12679
53603
3213
3090
24936
46969
9471
25094
41390
15306
52696
57519
1503
26041
55286
52157
18222
48946
23005
40475
25823
21216
45072
58884
17596
61822
32121
55529
19206
918
34787
37578
36450
4915
52449
40602
64952
46475
63778
44874
56300
15360
46102
6975
61492
62866
19624
28242
18126
3281
18523
44562
2257
32407
11915
43109
25920
15997
15832
55972
63457
51033
26137
15793
21437
47078
31071
12865
24935
60659
50346
50818
14778
10436
2735
828
42646
15185
30054
34746
25688
17304
57843
48813
45666
31970
34797
64079
30326
45765
63702
54554
57013
6277
37855
20419
65352
33626
34307
6605
57701
61263
20621
54399
25738
64362
59963
53259
45994
7382
5645
56741
21273
25812
28501
13921
15063
39685
60440
51250
21641
31743
45201
26425
2108
39325
28069
57314
5033
5856
8853
63530
18343
50484
50883
10108
11929
27637
64432
44022
53614
17836
33884
53167
18921
65043
21785
45937
7280
45056
53181
12855
63891
24395
32961
65133
5149
45047
29817
62814
3242
55700
52923
1209
40669
15506
13310
39198
62405
1093
24484
42914
7559
1058
31435
57851
52706
49946
49558
18318
35136
36688
57208
12808
13200
7240
46571
41366
58880
2886
49314
4376
38256
23764
12008
61031
21169
33682
47442
11673
3485
13838
56061
13861
5284
30967
22955
27998
8429
63129
4747
40675
32985
35652
55926
26645
48231
58562
41102
30768
45467
28693
20648
35069
3610
26401
49157
12031
43458
25760
37944
33958
5093
20984
27991
40541
63690
27005
8804
6434
9501
47199
56740
37613
63468
11710
24154
30286
59726
41426
51865
57411
45492
8360
59512
30601
51866
32322
20363
17375
2070
6803
10887
55270
40221
39732
22669
56892
14325
1665
21827
41509
11981
61373
35071
29640
35969
29527
55323
38972
39639
8228
13463
58151
34692
52748
40380
41012
45704
29493
27771
32676
13346
37988
20116
63646
55712
44815
61204
56812
54849
44760
24996
20146
19465
22694
47292
27949
12791
44473
49109
7859
22255
16070
29474
7089
63251
26224
54287
2560
35492
63285
55596
23766
35003
45555
13381
10251
22015
12444
62675
1819
65422
27245
40516
19066
45761
19184
55367
11692
10241
34519
24404
39432
22249
24129
31566
42614
24538
13090
4186
41098
58617
37860
21239
25976
9916
6547
24822
20602
19914
27262
45331
21700
33536
27912
5781
44017
45928
44708
32553
32788
41810
44115
31865
22389
16959
49987
44093
62958
8107
55004
56120
50871
15693
35554
17810
16496
31281
49247
10058
60091
56613
37931
21678
51276
20068
57133
62173
47429
9081
11846
62520
5721
14352
53906
50721
16873
24605
31303
10686
14082
49975
5389
20141
64693
54074
16585
6551
9021
2999
36191
15193
1905
16870
26606
7592
26139
49216
712
23684
17141
31452
23617
22433
35926
13360
53045
11975
8947
57391
41396
11851
30400
21473
22927
57012
36055
14258
5428
55329
55954
35582
24636
16580
57018
30661
29035
10583
30160
37091
11357
46429
59081
58921
30565
19358
38065
43385
9205
26333
14300
55177
50815
17034
26776
32455
60411
21065
19467
53041
14657
12859
19397
34228
18992
21202
9841
48037
34533
58227
34937
56078
65318
57433
24719
58717
5469
43345
25282
11490
14484
10671
7320
63826
30405
15446
14093
43356
6466
28262
57469
28751
4184
30640
16598
17368
13372
9833
30770
9511
30272
45435
54294
28231
38122
15370
59854
21647
8638
40007
24727
21947
58600
45624
8409
12284
65436
24506
11872
35612
50044
21684
51477
9025
48246
29390
49320
57533
16470
37615
17720
36021
24728
46828
41145
4469
16321
7275
477
16618
28837
5745
8250
7584
25433
34965
40364
11356
11018
8782
46082
6367
1966
23916
857
27846
39448
47097
42522
61763
34813
742
45530
59730
48319
40010
936
42777
60608
23683
3816
58462
49341
24851
23249
19594
34902
55562
12559
15272
32476
31059
17671
23256
65357
47944
49513
34671
47293
21986
26622
62916
52108
47845
26513
27388
23253
31570
14437
53798
16839
12635
23048
34547
20754
22075
54401
31348
42252
59925
18543
1134
52500
39364
1352
62836
57582
1421
10364
55780
64889
9680
61742
28104
17752
28768
25431
20442
43036
57225
24802
44165
43651
62361
36579
43360
34976
31993
3875
32999
21578
62001
5402
2607
14036
6374
46895
3433
43068
43955
45174
10001
38939
48425
30394
8111
50549
33334
8302
15796
12034
34925
28806
25256
33006
6003
47720
42695
57510
28286
23802
46869
38934
59702
27894
30852
33822
25904
14786
42125
7425
23713
34955
22540
62010
31027
46384
42692
59951
43010
50794
38019
10209
24004
6186
4319
8296
7392
32875
38203
10436
36165
29304
19623
50331
12726
32927
35546
27745
53850
30180
18630
34086
38709
34880
64201
24834
62363
41297
33326
25970
16045
14221
63384
50933
12817
35709
31241
42410
34239
19492
11172
53907
9598
2478
23631
54881
2347
60858
18776
5629
41124
3558
40079
9207
37890
29606
19696
51321
5996
4034
31539
54047
40386
35153
54629
14735
11691
32076
55223
43855
62460
47285
14315
3510
48207
46700
7401
42000
577
11486
23764
59087
43065
23458
26095
46378
54611
14031
6818
60128
2980
29173
53977
26136
55021
49033
56192
18744
2001
61200
52667
1002
16628
48941
10342
22175
21132
64550
47922
48292
31875
15718
62858
14525
6497
57108
22369
51167
19800
61321
22791
56600
9353
18576
45332
21812
48476
15144
35858
13159
36991
45549
62527
42726
46606
32447
17376
57286
59659
2548
58122
15345
46621
61170
3450
37382
32334
52189
40689
48721
11082
11557
35217
17381
26551
48067
44536
18790
19692
28288
7021
59412
19171
20947
39177
59576
49946
33992
37697
33764
56164
394
60143
11515
12589
40356
31979
55810
60020
7289
49177
15445
23106
52097
14413
15112
23942
27877
63562
16075
56844
4443
25177
35013
50019
29954
53658
17561
55498
56941
63133
49245
5201
50131
21111
36273
26813
19340
44352
34838
49496
41458
25372
14264
57026
24132
30873
7092
36978
20127
7444
5211
19956
9021
39090
20141
28271
52785
30840
9881
32720
55468
3105
22052
11258
7041
34747
4347
53779
28102
61060
2226
50605
48622
9442
51403
57739
14736
23261
11036
37615
52534
39973
24284
3361
64796
28911
33856
52110
57448
18073
63618
39627
4622
42354
43466
4804
16604
42736
33934
7721
52174
21979
25146
14737
30311
44722
29494
18175
315
3567
34514
36143
53571
7806
33514
17466
244
35420
4505
6027
46436
37180
1130
17661
50151
64971
52170
27908
58265
35906
24860
42893
27174
5897
10846
57874
60397
48857
2043
61614
55420
27148
31707
20876
33118
31747
13037
1300
47094
31440
31353
54083
36079
44837
45799
55846
25217
14380
5524
34951
7425
683
52832
29868
27156
53553
2025
38724
32549
6545
56865
22875
21863
33116
23829
42330
64782
55942
9342
31661
1154
1423
47598
12069
12600
545
5939
40608
60828
12282
50647
9379
39818
19813
56244
36330
46235
42540
29311
5181
65181
46038
33055
17476
38151
26368
8807
46252
60286
28543
25664
40657
16596
57746
45793
34141
26909
22783
56127
54917
32324
8310
53431
56928
2035
23355
64904
6906
24758
9453
46918
40549
16171
51341
16733
21835
21368
41737
27217
64120
15289
54278
20389
62024
44718
45875
65153
49578
2900
20519
33350
55115
34179
57828
1970
51099
23967
62283
6136
46924
49422
29297
29322
13590
54337
48708
34198
51767
41595
1024
38365
11723
40152
52447
46124
56292
44807
42756
61675
45967
55291
30001
25370
13678
34110
16046
61651
58493
38521
51933
16834
26634
63608
64885
61166
43989
44122
15963
64718
18566
63468
54971
60256
4311
9150
19845
48336
10244
15642
51917
15387
51073
2840
42348
46446
13923
44790
18458
5199
58931
61556
38897
1198
62440
51484
55429
49484
8755
33960
52358
9573
22225
11092
53525
59526
50519
54578
9513
44348
21158
24841
643
13650
16819
45594
34725
48615
20545
40173
16756
16959
4215
22548
133
48347
25142
2629
14438
61898
56297
59451
34143
34604
46743
30077
34493
54624
54637
43409
18185
53015
27915
62250
10404
9988
2709
12082
43222
38795
1114
7006
57555
53151
6163
43520
37157
11970
28617
39762
37626
41400
49545
42915
63333
25683
40985
5745
52419
16169
24527
43127
61219
63231
64946
40581
39684
62221
7186
15185
25902
33573
30882
33004
58113
46882
50962
24092
34874
13002
55034
39917
58794
23531
25975
9944
61787
55733
7377
47074
64475
16207
62522
50516
64566
17137
64364
13878
19651
32383
33289
15494
18488
49803
37562
37154
47564
57131
351
39449
41947
41871
33855
51583
22555
3541
55903
12180
6974
52369
34651
62901
14327
53773
32401
46214
52477
33195
35507
20225
14016
9471
58196
8914
44049
52224
6077
8271
62609
58207
9505
4142
53401
18794
48701
16509
33054
9306
45689
4022
9565
24942
33558
24931
28213
7062
37727
64153
44
55127
15815
53741
3352
48087
43688
2203
46681
15684
30828
54057
25093
28917
4545
17206
21102
27694
33603
37506
3734
4618
45279
56524
15973
40177
21564
30949
31057
13158
45177
33840
30822
28235
46663
45656
43824
1265
58699
39603
60822
43739
38550
10710
21934
29728
55632
60779
43811
30014
48519
33492
39625
25203
16628
46567
53928
27947
4756
53057
2563
10992
27040
61849
18257
38698
29201
30802
52886
40664
64245
5989
11955
21172
5032
26503
18803
63266
8055
25316
11320
61726
40303
50343
14394
36134
30211
31969
4764
56899
47599
7594
42730
37186
24212
5203
45745
21286
4211
27713
52702
13586
22970
11432
18364
21682
8649
4046
64905
65150
7517
63692
52714
16673
41954
921
62983
7628
22394
42885
32291
39806
55763
38680
2026
57759
40868
43039
35542
42678
64455
47900
30343
38438
54957
38488
64059
38017
58395
30877
6252
44529
54536
23335
23347
22371
60999
52791
58851
27007
22273
35742
19980
54115
54632
36032
7651
42827
50856
32293
27580
36702
53249
32531
8123
34324
42057
248
7852
62259
9198
20556
17606
14661
13663
14106
29251
24807
16029
36060
30299
38356
43929
35007
27811
38496
29975
52425
59325
57945
16737
7828
31124
60151
42074
64261
25302
24069
38335
9732
8416
13026
8597
18844
29054
15347
30913
50157
35100
53980
60987
9124
36496
48950
59440
46776
51198
28464
65059
44464
53742
8232
56197
61966
27571
11741
30784
44974
14852
9280
6136
36890
41245
53059
24902
33606
53587
17724
15396
60606
14521
17043
3141
47405
10622
45175
41741
10866
19315
28259
44579
14200
429
4428
17973
52597
63921
22894
1642
5174
20986
55233
20246
1343
4412
46712
25973
19178
41859
54469
30485
20130
49211
47876
20154
2182
49953
29887
1953
5253
19662
32581
15853
48904
2103
36580
10935
11571
29394
62181
48063
7737
24710
34025
53131
50752
38252
48118
61751
61906
17693
6079
52530
64424
27722
46621
4969
30020
51533
33444
8273
8112
56307
60824
28970
38377
56900
48302
38754
52668
20056
24073
20263
53566
50347
55722
3010
9767
40537
42645
8239
6738
62478
1608
12532
31095
35992
33673
62581
61115
63867
46639
37547
58634
53072
22466
38853
59447
45212
59681
50323
13991
42620
15162
55539
52896
63864
20919
29041
41773
44671
40980
45268
49663
5402
61617
61748
44182
1371
58916
31773
10997
22737
60391
54528
40706
30876
47642
24573
94
48946
4704
31571
46115
1010
34302
62358
27596
61496
31285
10161
17450
61992
62716
21818
62816
53998
16382
61333
18371
21581
6884
9090
25645
25816
21654
63764
41635
49821
21569
36138
62461
35653
19551
17094
58670
6992
11766
48058
57527
5451
13835
34651
49027
44129
21390
39606
55010
34528
7953
8339
12574
48287
3553
56587
41825
3714
3474
3181
57635
39466
11598
60356
13565
25118
21043
62812
51451
288
20240
54675
60986
52726
35234
48744
58445
54296
29014
51329
40907
56377
51307
26440
6371
6275
62051
1090
28840
42916
49082
19033
45019
50205
55657
30973
9854
3504
8182
56004
10050
20891
3574
30065
19516
45292
34566
7977
38441
63460
45634
19422
57069
62544
27450
50645
63926
52840
62752
3179
44013
41822
57597
63632
26925
24051
10177
18466
51489
44356
27282
35570
15258
23044
24211
12221
33475
32541
42979
6263
3386
44836
58982
44263
56346
31095
18155
33298
39523
46614
60436
60975
43447
27628
24578
6602
55508
25981
11468
55224
12701
7123
16584
64558
27782
18883
52312
59706
18800
14712
64849
27606
24303
12191
62082
43993
36211
51434
61077
40767
63579
61860
8023
59104
49961
62369
56379
32520
38572
59867
39714
35824
6425
51573
16308
18556
23351
46129
2101
25778
52507
57832
56984
55224
9023
30985
49758
22817
24193
65295
3820
18203
30294
62028
34808
28833
8391
52055
1901
8693
29691
34354
56199
19093
55920
5493
38246
59330
38984
40915
55615
7392
48378
32302
56522
7728
58112
37751
31826
2899
58805
35759
40683
20393
45102
14678
39227
18735
49733
18362
48723
22146
23592
52566
36264
27065
20958
5947
23838
52427
55406
44322
49715
24141
30804
42677
39996
8496
49614
54585
36951
45592
20910
19666
25945
52241
18040
8824
51570
42375
54691
56053
26446
2576
12221
5128
52969
16987
30980
51353
63084
28081
11164
4859
5523
21104
4487
49605
53677
3959
26316
39715
30221
38624
39915
25542
41509
36291
24062
36667
46650
18985
57658
1859
14762
56670
38263
3494
16085
9553
64989
52547
51375
15106
35393
48633
44404
18097
53051
28012
55899
48023
1754
10049
11702
59310
41749
15293
54598
31620
52231
32105
648
31806
59712
31826
3891
3227
47633
28285
35932
40024
26039
52658
55293
58150
3010
46199
20846
23082
61473
36398
8554
35687
26212
54505
65438
45615
62665
44579
47041
65191
12703
62791
18197
16472
7698
7022
20285
13645
4459
3626
3585
39455
22817
31076
61822
40740
19689
22110
61206
64623
32872
49390
33045
60084
17510
41225
40437
36895
33371
17710
24080
50331
46371
47866
32156
24797
54895
29053
4226
4860
38567
57189
32727
48673
10888
65197
32512
10586
60711
16448
5610
8660
837
14079
20609
23792
65524
41709
58718
50779
27813
41814
7403
41063
18859
15738
17696
24042
44469
57815
63858
29653
13639
12860
14798
8463
6796
10234
26681
23245
51069
5590
49288
30656
1163
7150
40493
59244
57608
5909
38682
39549
63411
21093
63599
23941
19031
62265
38944
48510
50424
38950
43652
32991
56172
45795
2582
1360
9791
29017
33941
264
35499
39752
4486
59448
32907
14460
33943
4060
40165
25859
63208
3671
59923
41747
5910
39469
23407
55611
55662
58569
45190
40687
5999
23438
2490
26040
63324
58257
44611
63944
38069
52766
29609
37198
13408
30664
62844
46704
9455
5094
16989
25829
46258
29609
14618
2309
18708
36831
7889
10592
4242
25462
58255
14199
21598
39965
35542
45705
16539
23089
26050
59251
28060
62226
21695
26839
50188
3458
15195
56082
51684
64978
2232
56626
38411
62009
3510
35538
38983
30687
6986
48036
29834
57041
59438
17121
59459
19544
43922
42511
22785
39777
57364
27820
13228
49663
881
3917
19222
27661
14098
62306
27532
64714
19769
54432
35422
60586
34609
29353
25766
2199
31586
17787
22831
20677
34170
23519
30997
55375
28038
45938
29510
3534
20278
4557
5456
30222
38854
32144
38051
46108
6484
22635
28218
12258
56538
16823
42914
18885
31826
72
23476
7913
52946
52873
26112
5021
11407
39825
57501
14415
16891
46159
16190
34667
21737
47957
18193
5927
43064
2039
741
37815
16504
47011
64211
31659
52450
38594
52603
52136
52080
54738
52180
54251
9095
39633
17170
59309
23690
14265
58080
58910
15805
25703
15355
7349
61949
60052
23074
4585
45538
5186
54602
48961
39096
24695
35653
35640
26059
17545
24850
48351
51356
58650
34730
29909
18152
32882
50006
30765
24261
23072
33464
5279
56652
44562
53563
60701
58968
25327
49687
60412
31338
37266
43476
63742
15932
24884
39502
52421
59725
44739
15383
1268
10368
39650
41402
46233
52991
15885
52061
31730
19068
24211
40020
45924
21606
15588
14018
5466
63084
46342
40591
59229
24645
60766
27169
46949
61710
30779
35887
20178
5665
19314
51417
12935
46380
14555
58879
4206
55399
35616
43063
17476
46653
34224
13237
11104
39850
8667
14683
5739
851
53829
11045
36695
1599
57385
8904
48838
52193
380
20210
22815
9040
46585
32179
833
9176
57491
4208
3109
39476
4623
15758
18856
27179
41136
47678
10816
51776
31662
24012
56588
2877
35442
39895
17238
12604
53915
21010
4834
41705
42112
64074
35346
55636
39870
64711
36248
17248
26249
28790
43887
34353
38350
61776
49861
64524
65494
11260
13234
53287
2584
45843
1249
60836
24206
39804
43935
25018
51986
12452
30282
47275
45986
9362
62361
46926
62859
22243
32910
54233
3930
33155
38116
16683
182
62844
13541
41715
43644
62252
36455
6026
48038
30720
14013
25483
58841
38090
33117
24183
39813
6624
40391
28272
47771
15955
57459
50062
30694
52622
54607
23212
13550
64996
31546
51814
36384
7724
31055
59953
13453
54874
2305
32500
41252
10525
4156
48851
13962
64318
564
19951
32632
40015
32753
58265
25555
63817
8816
40648
7723
1415
20966
23921
6733
2609
8911
50639
62777
30060
58547
26405
4289
57138
5647
47367
4938
53547
56821
59402
63931
29281
54069
9376
65034
34374
6932
52153
55276
23025
5078
44438
60598
18032
25458
50115
7518
45124
45949
64919
27215
1265
27115
12478
10259
23284
28965
56935
15679
5343
40036
62448
53340
30120
32039
5080
5013
62293
5074
24922
13272
38560
32938
38872
14020
9873
45927
55302
13175
61034
13149
6058
12724
20890
4666
13229
61858
57307
6371
31808
63271
22802
23677
32977
35808
30839
14300
50356
42974
1758
8452
2905
3914
51466
4364
9304
36081
33335
37090
51507
33304
49263
60636
37474
61372
50104
60494
25536
30559
43952
54132
40159
26492
3690
29536
44094
13723
17230
452
44184
52602
43356
13182
19439
35063
46687
57679
6931
50705
7542
22541
14175
378
34116
12043
7026
61147
5124
43283
364
13849
27305
16313
57699
59734
13908
12272
1858
77
16957
40202
52168
28949
23188
31594
47645
36309
44858
48469
11075
48431
25491
1040
18314
35968
65142
21404
48366
17607
919
2261
46521
57698
8593
11392
62049
4163
52728
36046
19404
24849
21749
9066
63062
54
18737
63092
36284
1336
17521
23510
616
1866
33122
53621
35778
65431
31385
59293
45600
5418
16050
28393
49028
21872
8442
9132
24211
14168
5690
18413
44790
43250
4611
58011
5139
44406
57173
22560
49076
44996
37496
33515
47024
37912
7818
24434
21787
48157
59726
875
2912
50174
54925
45279
55569
50313
33773
58527
39445
4363
39076
22234
7293
35179
64987
54601
19626
56543
40517
40304
23146
33705
38840
23914
35018
37520
20802
24588
43115
61163
7513
10894
56977
49150
47654
61801
27085
31702
30617
29735
52132
15982
28963
44415
65259
16258
8391
23886
63025
12247
45419
37880
36755
42218
63657
28144
58784
12850
47347
8311
61589
34833
14778
2812
13269
45291
47938
10165
44191
29862
29048
36745
41413
765
15220
23179
7591
63141
55623
28531
41307
8350
16076
46703
38065
33400
32158
42571
1528
272
57708
13230
22147
31154
43360
20954
18835
4575
33987
24330
2592
55850
42135
11246
1611
7816
14753
14933
39459
50571
46442
41802
64087
40472
9425
37062
58752
32308
20847
16854
35004
29367
48776
4951
5779
54344
30821
20789
34031
4192
51680
57275
13400
49447
45216
63344
12731
13575
17377
42130
39855
27780
50283
64140
1119
35480
32000
37124
29723
27421
59623
31239
63966
45145
35949
36447
620
22024
30175
59863
64939
8205
37117
6196
30312
56618
257
44783
48643
22071
35469
24650
57775
39812
31311
63150
17875
11360
56656
63516
18892
44478
55566
29721
10749
26694
32831
62022
6300
13096
45933
18882
22666
13858
4250
54783
46769
57932
29399
27045
8534
43036
50190
4532
34730
52901
48408
53503
59635
7075
7978
55042
3460
55129
34926
3404
54797
41683
49939
48076
46324
53768
15774
20443
53665
3735
53482
12858
44872
1633
33097
52893
59314
39076
6974
57129
46604
58713
818
24392
10606
49251
46578
15315
9556
63052
54237
7804
60515
34881
6459
55210
4368
35009
35353
57296
48305
4205
47803
21059
8906
35698
10789
7596
35862
51860
16682
38681
40502
17562
43039
31248
55306
52549
46675
61867
25579
43632
63622
63955
33950
30083
37947
64406
49682
1852
31079
34123
5770
61877
27230
31814
39195
9927
14928
39348
27123
34172
35114
7383
26076
10303
63470
18506
48171
14592
14065
48288
44905
19019
16279
55096
48040
44477
13817
63760
8576
57630
25226
12717
11028
51138
51943
40370
43554
41775
19001
15077
34360
11693
16244
40224
7602
27473
39998
39653
41846
48028
9456
15169
42306
237
5837
43108
37036
37379
34349
6087
37303
53761
19405
32543
14863
10594
15521
54964
28209
53385
19176
30068
30329
64454
13709
54737
3772
23772
39594
1578
29932
27446
37293
25142
49892
38208
51876
27363
18776
32369
13318
55870
48959
57047
39464
40884
18716
40800
19238
62847
62928
38358
41553
39932
53749
18499
65325
15306
40198
32139
9743
54688
59873
48337
38650
7201
60771
44240
55459
17680
52003
58612
16231
23561
57861
39411
61220
30405
54332
61796
52965
18801
42831
39473
14573
41690
26099
34085
37736
50783
12249
55799
21260
32199
1562
11672
53577
64818
24437
45783
21970
23485
29270
483
41913
34801
51256
17598
9425
39180
64198
20563
21064
53186
15158
53822
60326
3507
65499
39836
52258
13085
33180
53129
3791
38188
2831
33032
61313
15380
35058
60126
62214
31152
7235
49533
23403
52684
23460
50859
24973
12948
55660
44339
10917
7358
19215
51904
4
54821
14442
40117
17255
1096
30561
50343
23449
16434
34165
23507
39766
61896
62615
35656
12515
7168
51915
9505
9647
5507
1010
26960
22342
54036
44931
17918
48959
52136
643
43803
12814
24682
2563
18229
8944
18682
2156
65168
43833
27401
12833
62176
20170
50688
39331
54318
3922
274
64846
1734
31485
1372
59502
65161
37326
51828
60939
14477
27388
43092
56907
5500
34800
36624
5180
46805
30541
51853
56969
37348
30295
12174
36409
1798
9689
26364
54463
12812
53120
20840
4231
18488
53257
12835
22396
35580
3833
28301
22283
60053
43061
29575
65005
27039
20108
25671
21049
24846
20448
11996
37449
15945
23719
29051
48370
65335
37987
49083
47538
39086
15707
5201
20098
35807
2414
62447
43980
16400
32471
13733
32567
30345
46900
60519
12166
25565
43010
44450
5974
9870
26570
27209
60794
43646
63339
20416
58001
44530
13365
34482
52633
39907
49735
21313
18994
49994
7917
27696
30422
41346
12275
44207
19803
45519
13909
26935
18300
42912
13373
56826
55292
52086
49286
51566
16926
56041
23364
13031
8215
22059
21446
10083
6771
24537
40325
43751
54836
41233
3808
37893
19622
13765
22566
1891
22774
49833
37978
37637
5772
8625
17515
27263
39253
13629
52083
45957
20524
61802
53038
50063
64640
26234
61553
34695
4584
20540
50329
13533
33372
23267
17208
23476
65290
46769
64704
52040
12583
39658
13983
64152
26334
64592
58593
21924
61164
33198
64558
35726
44166
58951
36375
26120
62169
25977
6053
26506
59829
16217
5950
34956
5400
16003
36715
13311
22255
56701
12517
18323
54478
51036
2945
30752
9232
26730
63046
15510
32863
6434
11838
32117
14797
43489
33523
30544
38625
14500
5833
63195
49285
37521
18400
63064
40189
9642
36548
34240
28529
13904
33245
24016
23731
3726
41141
11827
35652
41831
12209
31061
60281
29244
24775
9286
21014
57704
65299
30264
41914
15070
36196
2558
63928
45208
39968
78
17971
849
46615
57331
50932
56602
13161
10951
65081
15044
30275
17802
31290
10188
38020
60633
38471
29007
53695
62059
42316
44503
29817
48706
32686
1410
27787
24895
38684
30259
9505
54202
31447
23141
27053
26082
4153
63103
18408
52113
42207
54191
44412
48999
51865
29085
12413
44190
4928
27340
52613
37628
13891
45890
38765
26797
25503
29168
56394
49937
26934
45844
51953
43590
57566
48004
64147
14706
22262
63614
27700
26567
28179
1281
31998
330
40528
48737
63966
31521
54271
28137
48808
23976
61258
37727
58374
33032
2827
65039
9057
42942
19846
39378
15648
41029
25994
28906
23580
8344
37092
16889
51907
13660
24345
10523
58426
43771
63049
33524
44176
33178
56777
46028
47917
12320
54717
27787
63761
34427
46882
53068
28057
2203
42092
56785
55699
56767
56583
21720
45653
29110
30061
44776
29180
63852
12928
26211
57123
61555
26727
32621
47930
30854
59086
37855
34483
12277
20865
19834
46053
57287
49001
25419
8065
62988
42136
44602
52930
51536
54394
33898
30844
189
21520
39153
23839
4102
16756
8618
44421
30099
7182
41146
37873
2268
61698
55516
63142
55959
33181
17576
5222
16079
30554
12834
57077
53322
55541
59215
1476
47444
45006
609
39457
57059
60161
2688
11943
60611
34152
29562
29606
6123
49209
34629
55009
15978
57168
64490
54714
29369
25573
6663
61284
41928
21600
33382
42320
12209
34083
51582
59816
35853
58499
41703
62923
24289
9089
62838
14924
47058
52856
59710
48670
64565
33066
39541
33116
11939
33391
31971
59013
63035
20111
33071
27342
50269
61165
42504
38089
9757
21772
35393
46084
50263
58235
3582
12570
21591
2775
64383
23612
34475
19073
19794
50526
46362
27312
35872
44481
20395
13497
63377
9088
32274
57798
26577
43213
46428
13172
26388
56165
48579
55386
39839
12566
19793
47855
10533
24280
29904
30176
18547
45195
24393
52105
21944
5863
20522
44856
15208
4133
31822
32540
65422
61187
31230
40659
42004
9331
47307
1651
32172
34833
44517
18258
64829
4710
7243
16230
5752
25737
34046
13958
33534
63583
18830
60513
20991
51064
60358
59349
34899
21815
45084
41962
24872
685
56657
63341
56267
38645
27485
55662
14077
14276
62867
52949
22843
51619
43065
17970
51413
60391
24077
17659
55559
1296
62313
31939
11391
28096
2626
22857
1701
28630
11059
1698
4716
42141
747
5084
60445
44033
34078
5417
46832
53576
30079
62986
17718
58302
32944
2500
17809
26467
52237
15276
23479
36157
43244
14542
63977
41921
16256
49778
25741
37716
20470
1414
28159
44772
60101
12312
59653
22337
46048
11527
51390
58141
28873
56500
44568
62611
58407
45224
16843
12813
1778
42711
60984
1391
41916
21727
60660
51613
5897
6821
9138
39912
17031
62989
18125
44426
20586
1334
628
4002
36219
46841
30515
29799
26413
25351
52489
43218
49271
57909
23968
64065
60486
14726
53910
63309
27415
11015
30392
21689
36641
16039
54894
13420
54249
33715
16280
45202
43129
58195
17512
41601
34569
47305
53056
25600
2922
53038
31473
49296
16695
60894
20210
37168
52797
60686
711
65504
3070
6658
40927
36767
12435
5448
4627
58682
55837
62694
31376
7681
35069
7551
19153
20977
7742
15759
35494
21046
23006
50766
65444
2743
916
25401
49351
38937
10457
27487
43016
51055
58699
62358
63423
40826
45189
3100
23730
31777
5638
8071
4254
42797
15925
22051
42332
20996
45814
28451
43014
14244
63163
43301
5220
29355
35493
42976
54658
12598
26715
23154
39199
16734
12579
60916
37644
18339
54646
32087
14441
55716
19335
34925
10209
20699
22514
3285
37412
53187
7397
62135
63779
18761
50326
19561
32532
64842
3241
24264
33911
50230
55193
23679
1993
53500
436
28534
40403
24102
39708
55590
55760
2756
44330
19772
13511
32078
58636
32600
16781
23234
3261
23917
37886
17000
16863
55125
10967
17686
752
35556
59795
21256
2912
18709
63658
9785
61448
33820
49648
28786
56636
39637
55821
4463
22986
10381
59300
16086
11066
6068
40346
33540
38847
60846
28154
45912
4477
33048
51271
51862
46813
32644
38695
7189
14428
10377
58845
29718
22186
56317
44756
62113
48017
24362
44991
14798
14111
46412
9543
25030
9718
55034
33396
62478
204
12027
13937
46049
6071
58874
23491
34251
22767
21808
18215
56956
28700
43176
5544
2797
29012
41845
3068
20838
16521
8588
55096
46287
53200
16677
32952
32926
63956
24748
10225
28608
57280
40956
23492
38090
46297
16980
63021
48308
57411
16239
30123
13094
6718
13950
62506
21300
15905
41754
64507
34989
46579
36805
32604
8183
4283
32738
60071
36728
1102
56614
4525
49743
9757
14988
60506
31491
47055
9744
27547
34020
13742
58493
13000
106
64761
8650
61348
54462
28579
5206
14733
13272
2381
25715
50899
60121
42631
39773
63307
37295
13050
11621
46585
45683
63236
36823
47915
23120
53684
44945
23419
25253
53098
32136
15885
29064
18353
38153
51145
46969
17472
24336
4458
27938
64829
28412
5397
50271
53758
59732
61860
52564
9897
44693
61996
1163
4439
11042
57679
34514
21238
16931
36391
188
16787
11510
51954
48545
43109
1411
10380
15105
64626
59129
61572
51503
51594
8494
13189
39165
52319
21830
56938
23768
50005
61921
58510
8466
34057
48503
15890
22097
25170
14724
4448
7365
45863
45543
8359
38796
63356
47676
15443
18091
28528
38646
43651
23179
38249
55622
1745
12344
12664
39911
59803
31744
22178
4776
32325
28150
35309
24022
62235
52888
9245
33094
26183
16887
2169
35515
64409
16215
18338
29747
43999
40580
41447
61507
64291
6561
9276
11171
25438
19238
7340
38764
57444
14890
40382
31223
46243
9808
46259
64618
61310
18256
6577
14820
32552
3714
60026
25709
29383
59800
44027
31566
46276
12279
20771
5968
19332
1610
27139
53644
30386
41217
45022
39086
30270
48234
52768
11181
62147
31519
56230
65331
35338
6212
60870
3838
43882
12689
1698
12865
62495
27437
29793
5123
42827
42163
30941
30947
58633
49527
63275
23576
64224
49858
42655
15969
58495
38797
46606
11404
2332
39840
47282
19368
29904
5107
6694
46303
40781
52351
63035
41509
61153
20334
25399
29482
58293
14703
17745
31372
64528
37551
55797
59849
18170
13159
50606
51103
35397
50031
41721
5049
30944
30713
45671
27690
19606
46528
21061
12389
35586
60109
38487
49706
27696
60915
29775
5396
11526
59988
55010
27684
11650
2752
54147
33109
17284
61872
60489
64848
7405
16787
51612
41417
43366
18787
56756
51880
39121
57955
44107
19546
20088
42973
12399
60992
12304
2191
49691
49047
51849
62271
17845
39370
25569
63988
2424
34890
51490
22920
41863
44518
42870
10284
29428
40109
28128
57999
51056
2173
7967
42022
12732
40592
26150
30066
21348
49729
6800
54535
36756
37750
39801
19617
50320
40613
5447
10965
16359
65260
59138
22399
13976
18010
3806
1979
61296
4620
61837
7539
52057
60579
53612
50419
60746
4693
9008
28704
18350
24579
8211
23834
32223
37582
6776
312
44760
63959
23814
48254
36104
64996
41149
10183
39491
49523
50615
13266
41715
9183
60320
55114
26417
5224
14939
56918
65039
19152
2177
8760
64135
18365
19817
21547
51911
60463
51452
55542
6993
55437
44867
59220
47348
21905
7689
45774
35611
13009
41759
46516
40685
47601
60176
35835
57667
28400
62784
56619
43366
7658
44677
15948
30439
59522
52566
56780
11389
34040
1110
9415
40022
17162
14344
65192
8587
61968
4562
14027
36400
17282
5971
10887
32844
7215
9258
6526
17217
41569
44357
63886
15023
26273
39155
25052
4962
20827
13605
29685
40640
30720
47651
45962
16238
34489
11642
57022
54984
14397
40649
36153
39897
58568
51300
11526
32586
39712
46729
56337
41890
38582
58568
47077
21155
24300
48262
28287
23414
20566
40921
56857
57407
61375
48713
26587
42228
14457
42655
56070
41456
64672
30377
37076
7587
7627
15623
35428
4483
18677
4124
12620
17387
61043
32422
20451
18676
13820
36117
55245
64078
27843
16246
12065
2006
20044
41639
28725
15323
1389
4669
13854
52095
24939
47096
59413
22129
30870
19093
22958
12515
10281
35961
32790
20521
25348
64105
64492
14885
12736
47925
2766
33540
37688
202
52606
3198
44759
47905
45765
15234
6814
18600
46987
62306
42584
35993
48287
15942
41740
20385
25477
5341
38740
59757
35802
3740
21543
25152
16096
25171
1421
2120
13999
16487
29804
49549
7544
29228
34205
26406
58004
23680
19821
23927
12844
12394
45807
24780
13900
59717
24952
27113
12407
64258
7371
29460
2482
7214
5641
58455
9322
7407
43388
50713
51356
49724
54154
30087
10580
30231
17869
40322
28728
34859
14762
56017
25899
35814
52204
20765
34097
37241
57507
52771
12749
16995
42935
23125
58036
9475
40560
64814
16776
35291
44783
4566
29153
23719
7298
24235
10275
31824
7398
26873
21484
52650
27859
37619
20838
27719
49641
33762
24509
41049
5235
49868
35797
44386
39359
16847
4403
45947
36548
9003
28128
36993
13010
45401
31314
53026
56040
12570
3794
53902
41545
34640
34327
39765
38948
13171
8055
17945
50701
23896
12645
41874
3110
34145
17536
44013
47686
63789
32662
64195
28294
56298
31027
17765
4056
62845
3378
37425
33888
28438
370
20079
44692
22971
27036
37586
61160
1125
13825
60822
43825
20856
32610
32898
62738
34035
53222
44200
15204
56592
64172
58408
52517
58258
8089
38213
53557
38718
11219
55047
53972
63072
10025
39545
2535
34942
45966
61785
26953
60616
35980
16101
60073
31115
60753
60687
15303
60757
30015
7450
51586
29021
32378
11555
16768
25800
264
35705
37155
28378
53392
15033
42533
33875
36293
18334
23833
3067
59840
12532
64794
13148
11635
19515
9694
7681
8140
1478
37112
57946
47925
23147
39099
57866
29579
63536
38846
22256
43308
2393
54171
60498
33194
32300
28164
41269
30616
29095
43012
16708
28661
6902
12405
54574
1126
55435
59213
23692
57982
5492
26472
50933
49156
26732
33559
60254
58960
42127
38691
62724
26060
12068
10069
38083
53246
52164
12214
53938
12666
10414
27223
43602
27648
59521
15261
57141
6123
39757
20828
13740
49853
18021
13759
62378
30211
51361
50294
38591
53257
29450
27742
61848
3801
61476
13936
44680
19264
35166
47028
4780
16321
52635
17755
16676
52601
30442
63368
24011
33359
41566
27309
860
8844
24436
3708
24108
36680
28029
20717
45549
12229
46685
62033
10752
34656
53867
9892
23829
39148
25655
51242
9028
62985
61958
23878
11056
30789
9919
26124
38940
39101
7316
28247
34390
13539
17143
22413
61266
25777
23371
30226
19762
28473
11803
30482
2980
7185
63692
2284
30111
57890
3818
55337
64194
49582
57607
30386
24922
49185
10772
63171
27857
52055
27832
22895
9603
13980
17557
18884
15138
15700
1472
46293
45271
57204
9538
34143
22724
41608
19580
21314
37794
52313
19782
62187
28698
53931
1725
11644
57322
34579
44207
41992
18742
65228
44201
60980
56492
24272
54864
22371
62286
58902
43054
38611
29020
47332
2568
6945
52885
63197
6405
45566
53928
17883
33185
57507
13691
7296
13465
6534
56881
23767
45908
39695
62394
51265
42537
57460
34405
13536
36204
6405
57085
16532
58535
50883
30814
34891
49026
59406
45330
29103
17380
29207
48912
20521
10761
43818
6323
61900
53607
46134
33649
47589
11049
35882
37774
21447
47982
35620
9930
30239
29470
62062
43301
63172
63360
26708
9350
6218
14660
43708
36836
50369
60496
2935
43853
52623
13156
10630
36033
21286
3642
62311
48917
57025
11562
42444
53208
45882
45577
27979
16936
56085
26741
58470
43061
59074
46319
52342
65104
25151
26114
55248
26115
60212
38606
8405
26629
29409
33597
25963
44815
29034
33830
9494
48013
14825
10094
39153
44792
18799
37696
11935
62583
55376
40854
61395
49352
43755
12656
48832
42580
57778
57723
49036
6007
41324
63994
23423
17084
41213
25309
36313
49250
64832
57784
40571
21777
35457
54267
6160
62048
59790
58979
6697
25348
54313
2883
25644
575
25706
51335
28196
5479
13715
41409
29952
21088
64250
38788
45299
40498
21853
59627
37292
58981
4749
22385
52264
32304
5052
27373
4825
20506
48144
17391
30857
63159
14636
20799
9807
29859
40031
20615
21834
47496
57560
63901
34468
30917
17828
39866
56695
4503
29569
37528
23999
20192
9332
47112
32564
34037
21216
53772
11024
10293
7723
34088
709
37543
40877
406
25333
21919
18119
25299
42392
51787
21069
33729
20498
36199
20402
17794
17673
38511
1239
41919
14637
20073
46698
55606
47558
1857
16565
34510
31518
22225
8873
41112
41638
46957
39620
24712
39634
36758
25267
28929
17015
4380
46848
50957
42704
18231
50050
44123
48563
40905
39726
47040
11624
64551
33018
14089
49479
42918
27434
2978
58351
63639
20601
50984
24973
55469
10584
48190
53314
36215
30174
11081
35415
46712
10420
28836
41103
22343
10739
35475
18373
3050
54922
60031
5972
7797
3006
13734
62987
14603
56371
17219
15097
39624
43328
24338
11426
325
24508
13912
41160
9306
55542
31863
46607
45487
42493
60626
23927
17528
63124
16797
32852
3754
320
4722
55515
57289
21796
5817
15311
25556
51178
8898
53466
6412
65172
50015
33452
48798
37643
38756
45751
54974
30734
37541
53976
18603
41875
28698
45927
57561
9759
47578
8749
6979
44108
18806
46395
60523
38035
2681
40113
25268
17270
38462
19767
19303
54044
38247
43725
28033
37632
26986
18910
63061
63016
2572
16869
41524
10054
47271
8437
55000
7146
13658
33744
65454
63642
18954
38470
8278
36877
64678
62324
10920
52016
15098
8517
47146
31695
7985
13775
10001
3377
7922
14034
52264
29024
9533
30233
35255
31664
62920
31548
50511
8409
12163
58612
46643
65211
58976
63131
41279
13584
2438
14742
61769
41054
33594
2848
31725
35244
9251
55767
27947
7861
41322
64409
59760
43712
16939
14510
21193
55814
23010
64095
1881
65156
39024
54554
54697
5175
15211
30091
43067
16481
2197
54399
63421
37422
36735
19550
7061
57524
53830
52169
8738
35279
24451
21277
16044
40680
33001
21441
60591
39842
22957
43680
23994
65143
33962
54555
24131
45760
22872
46203
29344
8814
1974
12701
13736
3157
52081
59961
64188
10160
56233
54709
18153
7200
14737
10734
42275
45154
20988
3457
42391
14676
56031
61234
56016
44440
55686
52404
64882
8442
29818
3562
55387
50549
19848
16282
65322
22455
20784
37146
1139
41340
39297
18150
45096
27910
12160
14183
64748
24666
29539
11239
22287
8268
43284
47265
10342
42074
12230
43528
62544
16583
25289
54506
29863
9736
4142
60002
2911
58554
233
5414
50651
42548
60730
26322
29158
2969
44203
55896
59197
47318
21115
50223
9951
5554
52855
11107
53583
48814
37705
61392
9906
61318
2209
904
6261
4979
64972
23172
55806
18512
53895
4032
28561
43661
25575
41616
42452
13608
55314
40357
30719
63056
30761
5820
64374
3862
46060
10576
57266
40640
50368
12638
19326
2849
17416
58712
47533
44934
5175
24733
50461
20811
41435
28464
38996
33611
4618
57276
32826
17670
15996
27701
63617
23022
42778
60037
64526
12880
45976
42910
46760
21117
14919
16099
15374
24490
4057
9425
18486
11056
19011
56935
49751
8988
44871
27803
42732
57043
5971
62795
1869
24174
46289
50693
26385
39286
38916
23049
49611
43738
57510
62334
51463
26542
40256
8883
12601
41881
19157
25053
8830
21305
37872
37270
26644
23036
20536
63456
23160
45595
44875
56901
62930
17636
18783
45477
40367
21183
23444
61980
31374
28672
46705
47713
4924
24399
12809
54567
15259
18376
25856
17623
22293
3251
12106
5806
64296
33348
30278
7502
40651
27562
32275
45584
40233
49196
62884
41056
871
10801
37258
24528
8959
37212
60444
27624
38814
34035
44960
18974
59444
37305
30455
8572
22024
40979
14951
17648
32925
30928
6484
39891
2011
52113
63500
6086
62332
58444
5218
58607
4958
55869
50966
56306
41620
25342
61320
16233
63366
36860
51753
62337
42345
57150
5337
39982
27641
18053
28426
20853
10954
15901
52474
20779
2613
26420
29023
55439
9302
50045
49629
45145
41372
4070
20732
38559
34953
42216
24210
22858
16382
8263
47633
48399
10737
5893
59735
34763
34337
42533
23998
456
46297
59652
53942
43168
35562
56574
34281
37626
50766
34006
50762
55575
32977
27464
19367
26794
42544
4526
51875
28634
56561
6930
61743
61968
24877
63116
61431
2466
2799
16880
39597
49674
32957
58965
54117
12296
10559
37723
17756
27405
16794
37666
7613
26329
10346
49906
26607
57517
62220
59024
28544
21948
19960
65067
17363
8181
1404
38793
57919
5655
34752
20183
22073
33017
53143
1073
46048
37296
54449
45839
33331
42392
56073
39108
59126
3142
65245
41768
6262
34104
25651
28915
34867
32313
32259
27500
46003
22813
23262
52179
46559
49705
28723
1117
3526
42014
23849
32474
39577
53819
58057
31576
43514
9287
1271
57117
3846
22231
56582
35050
53687
8194
19975
52844
33723
21831
30419
20375
33394
39468
55729
35941
63044
26396
23847
35323
62048
58029
62852
4177
12639
56559
56668
17105
37494
32098
54680
21038
51394
53633
31485
40482
54002
56310
33985
37071
12608
59977
64389
54735
48876
58229
59360
53808
35874
43599
22915
419
33204
32349
45867
22810
21196
881
11157
53214
17800
37898
24901
192
24948
54748
42411
20246
5641
9682
25842
26021
40914
59475
56421
45161
44409
21518
46782
13615
20361
9346
26884
6718
41306
49384
50936
54490
58624
33900
16964
53996
4613
16642
33371
57372
27433
7808
25115
26647
5243
38871
60972
17592
40438
13483
49436
40784
42883
30220
18192
27651
54567
56797
54012
28259
50709
26619
37161
42837
6184
59114
5302
62245
4423
33111
57591
60404
35068
3068
47064
12355
46614
65087
13262
58277
54162
42666
20744
41218
14155
34243
60673
64284
61026
57389
49137
13140
32806
5867
4310
62653
56265
1146
4851
38113
34161
32820
633
40932
57693
53266
18073
37308
18520
28558
11206
43375
6299
29374
19287
57751
35934
6845
60688
36909
40886
10406
32987
65520
48107
46250
45619
30163
24986
52142
12784
12861
16690
10539
22098
48237
57824
16317
58005
766
5697
51222
3432
36115
13673
40095
43123
15378
6433
4010
45289
28165
31605
40549
15186
61616
37098
27315
15351
48035
38313
33929
30793
15694
33968
47146
50773
30416
12978
16631
33771
19415
33461
2176
48582
51280
39948
12442
26119
64903
38341
62967
38606
21068
7042
14241
35439
45493
60690
52047
28167
27303
49975
48790
28926
7416
22843
48253
29941
57278
3068
32975
40403
33684
6114
17156
56800
9299
7765
16363
2881
35225
15363
27574
39051
17304
7691
9108
64326
3594
56617
26814
5991
19166
54664
59399
61306
42450
20031
22001
65344
60235
41484
11870
65185
23702
56178
27274
60204
32358
40310
63535
13036
53888
56525
64312
63816
9338
4956
46255
63117
8085
18266
62010
52108
54649
53796
38394
37817
53265
3064
39795
55309
52710
63416
61941
36626
11411
21892
34247
29455
8679
45032
20372
27745
23136
56339
60953
21114
25274
65196
44292
13451
61794
41771
16747
53796
32169
39177
2120
1421
17787
19994
23819
32537
9637
12612
63210
59826
16031
42781
31677
43054
55576
43530
20424
40640
61776
39924
10917
21243
504
56774
49461
29048
57142
43799
36704
20839
63589
49150
50440
21520
28019
1611
53876
19392
10790
59974
12363
29253
35350
1047
42020
831
33118
52598
64454
26160
37848
37647
64292
45276
29801
59073
23997
46378
9296
56536
28338
9442
52048
65319
39366
8129
19408
61043
32654
19611
33729
27667
16642
5769
57866
10680
44038
24278
63165
16282
34387
17385
1366
44128
12509
14804
16934
37092
24915
56409
6111
28796
31443
38697
64467
2166
48330
43500
2211
17777
38160
47018
50572
40401
2070
27551
22679
47777
26626
40906
56651
55050
43757
41354
9351
47646
39710
19800
32575
33881
20008
41570
56864
13810
55886
60223
63625
4966
57931
31359
50730
63363
45480
51489
63278
51706
32605
41645
11718
44594
27659
55209
20756
62504
38779
43643
29016
25332
36370
35831
28954
30913
31149
13855
26010
34990
49821
64301
54606
3841
24592
7468
35799
63613
34763
11042
263
30105
914
62792
9119
40772
26827
41497
33138
7060
60749
7444
29642
32573
65515
24860
29151
42756
15728
48024
4646
56349
37865
42115
53856
26866
24100
4044
47859
23165
58925
4549
