48146
44905
62661
11641
13701
60350
57755
62313
37740
64583
38886
43286
36596
11335
43020
38214
9906
54621
54986
62251
44600
58440
3800
45673
63776
63231
29361
41685
32215
37641
3322
60252
50048
38688
55671
4847
12449
16638
36367
9911
30831
7468
533
21064
33155
158
47377
33341
63281
52763
30431
3109
64760
48636
23783
58491
20895
49912
51516
28011
49195
33535
20594
55028
36265
795
33421
36148
28953
20310
32248
35688
27633
57522
9799
12004
44583
50140
65378
65000
27668
3232
5950
31170
60927
34825
23288
60938
34100
64318
15711
50259
54122
24581
38082
54287
43222
48161
62801
19373
2944
5778
33611
47755
50766
32178
62801
2987
16461
38995
26829
51911
31507
4221
23622
980
29964
42599
5617
33747
47577
18396
37217
19840
39502
51700
13735
57085
40271
44114
30546
49765
17246
38714
21683
38680
50168
31377
27923
55839
56421
41191
58156
57496
55541
43467
16329
46063
26445
65275
62338
5370
32338
62998
29751
18580
21624
62057
36501
51007
24628
41421
10322
56382
7238
21730
64427
40228
9624
34758
14038
20685
7655
56634
48579
58523
2431
5461
30091
10520
40366
32672
35183
61541
5958
50675
4820
39086
9672
58569
47476
4766
57145
37931
15595
21937
31723
40987
63521
17454
57939
61961
27919
61557
36782
47080
11866
57914
28224
49021
39438
38265
35682
47563
15799
4548
18432
20820
11317
21204
60847
10643
20369
16950
54950
19989
23713
55897
1275
10185
47316
19741
40909
11715
30228
25348
61580
22973
2752
42978
29860
24343
1915
21099
36791
23150
35477
54027
43284
36928
55972
15540
30093
63509
14019
15231
36857
58002
48600
25598
29318
16217
16060
36927
24087
16184
3637
58959
55245
53551
31413
56297
47062
32542
10935
46662
8920
26394
33409
58766
4437
39548
42931
48546
8472
45423
61951
9258
60318
39869
36889
49826
20715
23956
41265
12679
53603
3213
3090
24936
46969
9471
25094
41390
15306
52696
57519
1503
26041
55286
52157
18222
48946
23005
40475
25823
21216
45072
58884
17596
61822
32121
55529
19206
918
34787
37578
36450
4915
52449
40602
64952
46475
63778
44874
56300
15360
46102
6975
61492
62866
19624
28242
18126
3281
18523
44562
2257
32407
11915
43109
25920
15997
15832
55972
63457
51033
26137
15793
21437
47078
31071
12865
24935
60659
50346
50818
14778
10436
2735
828
42646
15185
30054
34746
25688
17304
57843
48813
45666
31970
34797
64079
30326
45765
63702
54554
57013
6277
37855
20419
65352
33626
34307
6605
57701
61263
20621
54399
25738
64362
59963
53259
45994
7382
5645
56741
21273
25812
28501
13921
15063
39685
60440
51250
21641
31743
45201
26425
2108
39325
28069
57314
5033
5856
8853
63530
18343
50484
50883
10108
11929
27637
64432
44022
53614
17836
33884
53167
18921
65043
21785
45937
7280
45056
53181
12855
63891
24395
32961
65133
5149
45047
29817
62814
3242
55700
52923
1209
40669
15506
13310
39198
62405
1093
24484
42914
7559
1058
31435
57851
52706
49946
49558
18318
35136
36688
57208
12808
13200
7240
46571
41366
58880
2886
49314
4376
38256
23764
12008
61031
21169
33682
47442
11673
3485
13838
56061
13861
5284
30967
22955
27998
8429
63129
4747
40675
32985
35652
55926
26645
48231
58562
41102
30768
45467
28693
20648
35069
3610
26401
49157
12031
43458
25760
37944
33958
5093
20984
27991
40541
63690
27005
8804
6434
9501
47199
56740
37613
63468
11710
24154
30286
59726
41426
51865
57411
45492
8360
59512
30601
51866
32322
20363
17375
2070
6803
10887
55270
40221
39732
22669
56892
14325
1665
21827
41509
11981
61373
35071
29640
35969
29527
55323
38972
39639
8228
13463
58151
34692
52748
40380
41012
45704
29493
27771
32676
13346
37988
20116
63646
55712
44815
61204
56812
54849
44760
24996
20146
19465
22694
47292
27949
12791
44473
49109
7859
22255
16070
29474
7089
63251
26224
54287
2560
35492
63285
55596
23766
35003
45555
13381
10251
22015
12444
62675
1819
65422
27245
40516
19066
45761
19184
55367
11692
10241
34519
24404
39432
22249
24129
31566
42614
24538
13090
4186
41098
58617
37860
21239
25976
9916
6547
24822
20602
19914
27262
45331
21700
33536
27912
5781
44017
45928
44708
32553
32788
41810
44115
31865
22389
16959
49987
44093
62958
8107
55004
56120
50871
15693
35554
17810
16496
31281
49247
10058
60091
56613
37931
21678
51276
20068
57133
62173
47429
9081
11846
62520
5721
14352
53906
50721
16873
24605
31303
10686
14082
49975
5389
20141
64693
54074
16585
6551
9021
2999
36191
15193
1905
16870
26606
7592
26139
49216
712
23684
17141
31452
23617
22433
35926
13360
53045
11975
8947
57391
41396
11851
30400
21473
22927
57012
36055
14258
5428
55329
55954
35582
24636
16580
57018
30661
29035
10583
30160
37091
11357
46429
59081
58921
30565
19358
38065
43385
9205
26333
14300
55177
50815
17034
26776
32455
60411
21065
19467
53041
14657
12859
19397
34228
18992
21202
9841
48037
34533
58227
34937
56078
65318
57433
24719
58717
5469
43345
25282
11490
14484
10671
7320
63826
30405
15446
14093
43356
6466
28262
57469
28751
4184
30640
16598
17368
13372
9833
30770
9511
30272
45435
54294
28231
38122
15370
59854
21647
8638
40007
24727
21947
58600
45624
8409
12284
65436
24506
11872
35612
50044
21684
51477
9025
48246
29390
49320
57533
16470
37615
17720
36021
24728
46828
41145
4469
16321
7275
477
16618
28837
5745
8250
7584
25433
34965
40364
11356
11018
8782
46082
6367
1966
23916
857
27846
39448
47097
42522
61763
34813
742
45530
59730
48319
40010
936
42777
60608
23683
3816
58462
49341
24851
23249
19594
34902
55562
12559
15272
32476
31059
17671
23256
65357
47944
49513
34671
47293
21986
26622
62916
52108
47845
26513
27388
23253
31570
14437
53798
16839
12635
23048
34547
20754
22075
54401
31348
42252
59925
18543
1134
52500
39364
1352
62836
57582
1421
10364
55780
64889
9680
61742
28104
17752
28768
25431
20442
43036
57225
24802
44165
43651
62361
36579
43360
34976
31993
3875
32999
21578
62001
5402
2607
14036
6374
46895
3433
43068
43955
45174
10001
38939
48425
30394
8111
50549
33334
8302
15796
12034
34925
28806
25256
33006
6003
47720
42695
57510
28286
23802
46869
38934
59702
27894
30852
33822
25904
14786
42125
7425
23713
34955
22540
62010
31027
46384
42692
59951
43010
50794
38019
10209
24004
6186
4319
8296
7392
32875
38203
10436
36165
29304
19623
50331
12726
32927
35546