60391
54528
40706
30876
47642
24573
94
48946
4704
31571
46115
1010
34302
62358
27596
61496
31285
10161
17450
61992
62716
21818
62816
53998
16382
61333
18371
21581
6884
9090
25645
25816
21654
63764
41635
49821
21569
36138
62461
35653
19551
17094
58670
6992
11766
48058
57527
5451
13835
34651
49027
44129
21390
39606
55010
34528
7953
8339
12574
48287
3553
56587
41825
3714
3474
3181
57635
39466
11598
60356
13565
25118
21043
62812
51451
288
20240
54675
60986
52726
35234
48744
58445
54296
29014
51329
40907
56377
51307
26440
6371
6275
62051
1090
28840
42916
49082
19033
45019
50205
55657
30973
9854
3504
8182
56004
10050
20891
3574
30065
19516
45292
34566
7977
38441
63460
45634
19422
57069
62544
27450
50645
63926
52840
62752
3179
44013
41822
57597
63632
26925
24051
10177
18466
51489
44356
27282
35570
15258
23044
24211
12221
33475
32541
42979
6263
3386
44836
58982
44263
56346
31095
18155
33298
39523
46614
60436
60975
43447
27628
24578
6602
55508
25981
11468
55224
12701
7123
16584
64558
27782
18883
52312
59706
18800
14712
64849
27606
24303
12191
62082
43993
36211
51434
61077
40767
63579
61860
8023
59104
49961
62369
56379
32520
38572
59867
39714
35824
6425
51573
16308
18556
23351
46129
2101
25778
52507
57832
56984
55224
9023
30985
49758
22817
24193
65295
3820
18203
30294
62028
34808
28833
8391
52055
1901
8693
29691
34354
56199
19093
55920
5493
38246
59330
38984
40915
55615
7392
48378
32302
56522
7728
58112
37751
31826
2899
58805
35759
40683
20393
45102
14678
39227
18735
49733
18362
48723
22146
23592
52566
36264
27065
20958
5947
23838
52427
55406
44322
49715
24141
30804
42677
39996
8496
49614
54585
36951
45592
20910
19666
25945
52241
18040
8824
51570
42375
54691
56053
26446
2576
12221
5128
52969
16987
30980
51353
63084
28081
11164
4859
5523
21104
4487
49605
53677
3959
26316
39715
30221
38624
39915
25542
41509
36291
24062
36667
46650
18985
57658
1859
14762
56670
38263
3494
16085
9553
64989
52547
51375
15106
35393
48633
44404
18097
53051
28012
55899
48023
1754
10049
11702
59310
41749
15293
54598
31620
52231
32105
648
31806
59712
31826
3891
3227
47633
28285
35932
40024
26039
52658
55293
58150
3010
46199
20846
23082
61473
36398
8554
35687
26212
54505
65438
45615
62665
44579
47041
65191
12703
62791
18197
16472
7698
7022
20285
13645
4459
3626
3585
39455
22817
31076
61822
40740
19689
22110
61206
64623
32872
49390
33045
60084
17510
41225
40437
36895
33371
17710
24080
50331
46371
47866
32156
24797
54895
29053
4226
4860
38567
57189
32727
48673
10888
65197
32512
10586
60711
16448
5610
8660
837
14079
20609
23792
65524
41709
58718
50779
27813
41814
7403
41063
18859
15738
17696
24042
44469
57815
63858
29653
13639
12860
14798
8463
6796
10234
26681
23245
51069
5590
49288
30656
1163
7150
40493
59244
57608
5909
38682
39549
63411
21093
63599
23941
19031
62265
38944
48510
50424
38950
43652
32991
56172
45795
2582
1360
9791
29017
33941
264
35499
39752
4486
59448
32907
14460
33943
4060
40165
25859
63208
3671
59923
41747
5910
39469
23407
55611
55662
58569
45190
40687
5999
23438
2490
26040
63324
58257
44611
63944
38069
52766
29609
37198
13408
30664
62844
46704
9455
5094
16989
25829
46258
29609
14618
2309
18708
36831
7889
10592
4242
25462
58255
14199
21598
39965
35542
45705
16539
23089
26050
59251
28060
62226
21695
26839
50188
3458
15195
56082
51684
64978
2232
56626
38411
62009
3510
35538
38983
30687
6986
48036
29834
57041
59438
17121
59459
19544
43922
42511
22785
39777
57364
27820
13228
49663
881
3917
19222
27661
14098
62306
27532
64714
19769
54432
35422
60586
34609
29353
25766
2199
31586
17787
22831
20677
34170
23519
30997
55375
28038
45938
29510
3534
20278
4557
5456
30222
38854
32144
38051
46108
6484
22635
28218
12258
56538
16823
42914
18885
31826
72
23476
7913
52946
52873
26112
5021
11407
39825
57501
14415
16891
46159
16190
34667
21737
47957
18193
5927
43064
2039
741
37815
16504
47011
64211
31659
52450
38594
52603
52136
52080
54738
52180
54251
9095
39633
17170
59309
23690
14265
58080
58910
15805
25703
15355
7349
61949
60052
23074
4585
45538
5186
54602
48961
39096
24695
35653
35640
26059
17545
24850
48351
51356
58650
34730
29909
18152
32882
50006
30765
24261
23072
33464
5279
56652
44562
53563
60701
58968
25327
49687
60412
31338
37266
43476
63742
15932
24884
39502
52421
59725
44739
15383
1268
10368
39650
41402
46233
52991
15885
52061
31730
19068
24211
40020
45924
21606
15588
14018
5466
63084
46342
40591
59229
24645
60766
27169
46949
61710
30779
35887
20178
5665
19314
51417
12935
46380
14555
58879
4206
55399
35616
43063
17476
46653
34224
13237
11104
39850
8667
14683
5739
851
53829
11045
36695
1599
57385
8904
48838
52193
380
20210
22815
9040
46585
32179
833
9176
57491
4208
3109
39476
4623
15758
18856
27179
41136
47678
10816
51776
31662
24012
56588
2877
35442
39895
17238
12604
53915
21010
4834
41705
42112
64074
35346
55636
39870
64711
36248
17248
26249
28790
43887
34353
38350
61776
49861
64524
65494
11260
13234
53287
2584
45843
1249
60836
24206
39804
43935
25018
51986
12452
30282
47275
45986
9362
62361
46926
62859
22243
32910
54233
3930
33155
38116
16683
182
62844
13541
41715
43644
62252
36455
6026
48038
30720
14013
25483
58841
38090
33117
24183
39813
6624
40391
28272
47771
15955
57459
50062
30694
52622
54607
23212
13550
64996
31546
51814
36384
7724
31055
59953
13453
54874
2305
32500
41252
10525
4156
48851
13962
64318
564
19951
32632
40015
32753
58265
25555
63817
8816
40648
7723
1415
20966
23921
6733
2609
8911
50639
62777
30060
58547
26405
4289
57138
5647
47367
4938
53547
56821
59402
63931
29281
54069
9376
65034
34374
6932
52153
55276
23025
5078
44438
60598
18032
25458
50115
7518
45124
45949
64919
27215
1265
27115
12478
10259
23284
28965
56935
15679
5343
40036
62448
53340
30120
32039
5080
5013
62293
5074
24922
13272
38560
32938
38872
14020
9873
45927
55302
13175
61034
13149
6058
12724
20890
4666
13229
61858
57307
6371
31808
63271
22802
23677
32977
35808
30839
14300
50356
42974
1758
8452
2905
3914
51466
4364
9304
36081
33335
37090
51507
33304
49263
60636
37474
61372
50104
60494
25536
30559