43952
54132
40159
26492
3690
29536
44094
13723
17230
452
44184
52602
43356
13182
19439
35063
46687
57679
6931
50705
7542
22541
14175
378
34116
12043
7026
61147
5124
43283
364
13849
27305
16313
57699
59734
13908
12272
1858
77
16957
40202
52168
28949
23188
31594
47645
36309
44858
48469
11075
48431
25491
1040
18314
35968
65142
21404
48366
17607
919
2261
46521
57698
8593
11392
62049
4163
52728
36046
19404
24849
21749
9066
63062
54
18737
63092
36284
1336
17521
23510
616
1866
33122
53621
35778
65431
31385
59293
45600
5418
16050
28393
49028
21872
8442
9132
24211
14168
5690
18413
44790
43250
4611
58011
5139
44406
57173
22560
49076
44996
37496
33515
47024
37912
7818
24434
21787
48157
59726
875
2912
50174
54925
45279
55569
50313
33773
58527
39445
4363
39076
22234
7293
35179
64987
54601
19626
56543
40517
40304
23146
33705
38840
23914
35018
37520
20802
24588
43115
61163
7513
10894
56977
49150
47654
61801
27085
31702
30617
29735
52132
15982
28963
44415
65259
16258
8391
23886
63025
12247
45419
37880
36755
42218
63657
28144
58784
12850
47347
8311
61589
34833
14778
2812
13269
45291
47938
10165
44191
29862
29048
36745
41413
765
15220
23179
7591
63141
55623
28531
41307
8350
16076
46703
38065
33400
32158
42571
1528
272
57708
13230
22147
31154
43360
20954
18835
4575
33987
24330
2592
55850
42135
11246
1611
7816
14753
14933
39459
50571
46442
41802
64087
40472
9425
37062
58752
32308
20847
16854
35004
29367
48776
4951
5779
54344
30821
20789
34031
4192
51680
57275
13400
49447
45216
63344
12731
13575
17377
42130
39855
27780
50283
64140
1119
35480
32000
37124
29723
27421
59623
31239
63966
45145
35949
36447
620
22024
30175
59863
64939
8205
37117
6196
30312
56618
257
44783
48643
22071
35469
24650
57775
39812
31311
63150
17875
11360
56656
63516
18892
44478
55566
29721
10749
26694
32831
62022
6300
13096
45933
18882
22666
13858
4250
54783
46769
57932
29399
27045
8534
43036
50190
4532
34730
52901
48408
53503
59635
7075
7978
55042
3460
55129
34926
3404
54797
41683
49939
48076
46324
53768
15774
20443
53665
3735
53482
12858
44872
1633
33097
52893
59314
39076
6974
57129
46604
58713
818
24392
10606
49251
46578
15315
9556
63052
54237
7804
60515
34881
6459
55210
4368
35009
35353
57296
48305
4205
47803
21059
8906
35698
10789
7596
35862
51860
16682
38681
40502
17562
43039
31248
55306
52549
46675
61867
25579
43632
63622
63955
33950
30083
37947
64406
49682
1852
31079
34123
5770
61877
27230
31814
39195
9927
14928
39348
27123
34172
35114
7383
26076
10303
63470
18506
48171
14592
14065
48288
44905
19019
16279
55096
48040
44477
13817
63760
8576
57630
25226
12717
11028
51138
51943
40370
43554
41775
19001
15077
34360
11693
16244
40224
7602
27473
39998
39653
41846
48028
9456
15169
42306
237
5837
43108
37036
37379
34349
6087
37303
53761
19405
32543
14863
10594
15521
54964
28209
53385
19176
30068
30329
64454
13709
54737
3772
23772
39594
1578
29932
27446
37293
25142
49892
38208
51876
27363
18776
32369
13318
55870
48959
57047
39464
40884
18716
40800
19238
62847
62928
38358
41553
39932
53749
18499
65325
15306
40198
32139
9743
54688
59873
48337
38650
7201
60771
44240
55459
17680
52003
58612
16231
23561
57861
39411
61220
30405
54332
61796
52965
18801
42831
39473
14573
41690
26099
34085
37736
50783
12249
55799
21260
32199
1562
11672
53577
64818
24437
45783
21970
23485
29270
483
41913
34801
51256
17598
9425
39180
64198
20563
21064
53186
15158
53822
60326
3507
65499
39836
52258
13085
33180
53129
3791
38188
2831
33032
61313
15380
35058
60126
62214
31152
7235
49533
23403
52684
23460
50859
24973
12948
55660
44339
10917
7358
19215
51904
4
54821
14442
40117
17255
1096
30561
50343
23449
16434
34165
23507
39766
61896
62615
35656
12515
7168
51915
9505
9647
5507
1010
26960
22342
54036
44931
17918
48959
52136
643
43803
12814
24682
2563
18229
8944
18682
2156
65168
43833
27401
12833
62176
20170
50688
39331
54318
3922
274
64846
1734
31485
1372
59502
65161
37326
51828
60939
14477
27388
43092
56907
5500
34800
36624
5180
46805
30541
51853
56969
37348
30295
12174
36409
1798
9689
26364
54463
12812
53120
20840
4231
18488
53257
12835
22396
35580
3833
28301
22283
60053
43061
29575
65005
27039
20108
25671
21049
24846
20448
11996
37449
15945
23719
29051
48370
65335
37987
49083
47538
39086
15707
5201
20098
35807
2414
62447
43980
16400
32471
13733
32567
30345
46900
60519
12166
25565
43010
44450
5974
9870
26570
27209
60794
43646
63339
20416
58001
44530
13365
34482
52633
39907
49735
21313
18994
49994
7917
27696
30422
41346
12275
44207
19803
45519
13909
26935
18300
42912
13373
56826
55292
52086
49286
51566
16926
56041
23364
13031
8215
22059
21446
10083
6771
24537
40325
43751
54836
41233
3808
37893
19622
13765
22566
1891
22774
49833
37978
37637
5772
8625
17515
27263
39253
13629
52083
45957
20524
61802
53038
50063
64640
26234
61553
34695
4584
20540
50329
13533
33372
23267
17208
23476
65290
46769
64704
52040
12583
39658
13983
64152
26334
64592
58593
21924
61164
33198
64558
35726
44166
58951
36375
26120
62169
25977
6053
26506
59829
16217
5950
34956
5400
16003
36715
13311
22255
56701
12517
18323
54478
51036
2945
30752
9232
26730
63046
15510
32863
6434
11838
32117
14797
43489
33523
30544
38625
14500
5833
63195
49285
37521
18400
63064
40189
9642
36548
34240
28529
13904
33245
24016
23731
3726
41141
11827
35652
41831
12209
31061
60281
29244
24775
9286
21014
57704
65299
30264
41914
15070
36196
2558
63928
45208
39968
78
17971
849
46615
57331
50932
56602
13161
10951
65081
15044
30275
17802
31290
10188
38020
60633
38471
29007
53695
62059
42316
44503
29817
48706
32686
1410
27787
24895
38684
30259
9505
54202
31447
23141
27053
26082
4153
63103
18408
52113
42207
54191
44412
48999
51865
29085
12413
44190
4928
27340
52613
37628
13891
45890
38765
26797
25503
29168
56394
49937
26934
45844
51953
43590
57566
48004
64147
14706
22262
63614
27700
26567
28179
1281
31998
330
40528
48737
63966
31521
54271
28137
48808
23976
61258
37727
58374
33032
2827
65039
9057
42942
19846
39378
15648
41029
25994
28906
23580
8344
37092
16889
51907
13660
24345
10523
58426
43771
63049
33524
44176
33178
56777
46028
47917
12320
54717
27787
63761
34427
46882
53068
28057
2203
42092
56785
55699
56767
56583
21720
45653
29110
30061
44776
29180
63852
12928
26211
57123
61555
26727
32621
47930
30854
59086
37855
34483
12277
20865
19834
46053
57287
49001
25419
8065
62988
42136
44602
52930
51536
54394
33898
30844
189
21520
39153
23839
4102
16756
8618
44421
30099
7182
41146
37873
2268
61698
55516
63142
55959
33181
17576
5222
16079
30554
12834
57077
53322
55541
59215
1476
47444
45006
609
39457
57059
60161
2688
11943
60611
34152
29562
29606
6123
49209
34629
55009
15978
57168
64490
54714
29369
25573
6663
61284
41928
21600
33382
42320
12209
34083
51582
59816
35853
58499
41703
62923
24289
9089
62838
14924
47058
52856
59710
48670
64565
33066
39541
33116
11939
33391
31971
59013
63035
20111
33071
27342
50269
61165
42504
38089
9757
21772
35393
46084
50263
58235
3582
12570
21591
2775
64383
23612
34475
19073
19794
50526
46362
27312
35872
44481
20395
13497
63377
9088
32274
57798
26577
43213
46428
13172
26388
56165
48579
55386
39839
12566
19793
47855
10533
24280
29904
30176
18547
45195
24393
52105
21944
5863
20522
44856
15208
4133
31822
32540
65422
61187
31230
40659
42004
9331
47307
1651
32172
34833
44517
18258
64829
4710
7243
16230
5752
25737
34046
13958
33534
63583
18830
60513
20991
51064
60358
59349
34899
21815
45084
41962
24872
685
56657
63341
56267
38645
27485
55662
14077
14276
62867
52949
22843
51619
43065
17970
51413
60391
24077
17659
55559
1296
62313
31939
11391
28096
2626
22857
1701
28630
11059
1698
4716
42141
747
5084
60445
44033
34078
5417
46832
53576
30079
62986
17718
58302
32944
2500
17809
26467
52237
15276
23479
36157
43244
14542
63977
41921
16256
49778
25741
37716
20470
1414
28159
44772
60101
12312
59653
22337
46048
11527
51390
58141
28873
56500
44568
62611
58407
45224
16843
12813
1778
42711
60984
1391
41916
21727
60660
51613
5897
6821
9138
39912
17031
62989
18125
44426
20586
1334
628
4002
36219
46841
30515
29799
26413
25351
52489
43218
49271
57909
23968
64065
60486
14726
53910
63309
27415
11015
30392
21689
36641
16039
54894
13420
54249
33715
16280
45202
43129
58195
17512
41601
34569
47305
53056
25600
2922
53038
31473
49296
16695
60894
20210
37168
52797
60686
711
65504
3070
6658
40927
36767
12435
5448
4627
58682
55837
62694
31376
7681
35069
7551
19153
20977
7742
15759
35494
21046
23006
50766
65444
2743
916
25401
49351
38937
10457
27487
43016
51055
58699
62358
63423
40826
45189
3100
23730
31777
5638
8071
4254
42797
15925
22051
42332
20996
45814
28451
43014
14244
63163
43301
5220
29355
35493
42976
54658
12598
26715
23154
39199
16734
12579
60916
37644
18339
54646
32087
14441
55716
19335
34925
10209
20699
22514
3285
37412
53187
7397
62135
63779
18761
50326
19561
32532
64842
3241
24264
33911
50230
55193
23679
1993
53500
436
28534
40403
24102
39708
55590
55760
2756
44330
19772
13511
32078
58636
32600
16781
23234
3261
23917
37886
17000
16863
55125
10967
17686
752
35556
59795
21256
2912
18709
63658
9785
61448
33820
49648
28786
56636
39637
55821
4463
22986
10381
59300
16086
11066
6068
40346
33540
38847
60846
28154
45912
4477
33048
51271
51862
46813
32644
38695
7189
14428
10377
58845
29718
22186
56317
44756
62113
48017
24362
44991
14798
14111
46412
9543
25030
9718
55034
33396
62478
204
12027
13937
46049
6071
58874
23491
34251
22767
21808
18215
56956
28700
43176
5544
2797
29012
41845
3068
20838
16521
8588
55096
46287
53200
16677
32952
32926
63956
24748
10225
28608
57280
40956
23492
38090
46297
16980
63021
48308
57411
16239
30123
13094
6718
13950
62506
21300
15905
41754
64507
34989
46579
36805
32604
8183
4283
32738
60071
36728
1102
56614
4525
49743
9757
14988
60506
31491
47055
9744
27547
34020
13742
58493
13000
106
64761
8650
61348
54462
28579
5206
14733
13272
2381
25715
50899
60121
42631
39773
63307
37295
13050
11621
46585
45683
63236
36823
47915
23120
53684
44945
23419
25253
53098
32136
15885
29064
18353
38153
51145
46969
17472
24336
4458
27938
64829
28412
5397
50271
53758
59732
61860
52564
9897
44693
61996
1163
4439
11042
57679
34514
21238
16931
36391
188
16787
11510
51954
48545
43109
1411
10380
15105
64626
59129
61572
51503
51594
8494
13189
39165
52319
21830
56938
23768
50005
61921
58510
8466
34057
48503
15890
22097
25170
14724
4448
7365
45863
45543
8359
38796
63356
47676
15443
18091
28528
38646
43651
23179
38249
55622
1745
12344
12664
39911
59803
31744
22178
4776
32325
28150
35309
24022
62235
52888
9245
33094
26183
16887
2169
35515
64409
16215
18338
29747
43999
40580
41447
61507
64291
6561
9276
11171
25438
19238
7340
38764
57444
14890
40382
31223
46243
9808
46259
64618
61310
18256
6577
14820
32552
3714
60026
25709
29383
59800
44027
31566
46276
12279
20771
5968
19332
1610
27139
53644
30386
41217
45022
39086
30270
48234
52768
11181
62147
31519
56230
65331
35338
6212
60870
3838
43882
12689
1698
12865
62495
27437
29793
5123
42827
42163
30941
30947
58633
49527
63275
23576
64224
49858
42655
15969
58495
38797
46606
11404
2332
39840
47282
19368
29904
5107
6694
46303
40781
52351
63035
41509
61153
20334
25399
29482
58293
14703
17745
31372
64528
37551
55797
59849
18170
13159
50606
51103
35397
50031
41721
5049
30944
30713
45671
27690
19606
46528
21061
12389
35586
60109
38487
49706
27696
60915
29775
5396
11526
59988
55010
27684
11650
2752
54147
33109
17284
61872
60489
64848
7405
16787
51612
41417
43366
18787
56756
51880
39121
57955
44107
19546
20088
42973
12399
60992
12304
2191
49691
49047
51849
62271
17845
39370
25569
63988
2424
34890
51490
22920
41863
44518
42870
10284
29428
40109
28128
57999
51056
2173
7967
42022
12732
40592
26150
30066
21348
49729
6800
54535
36756
37750
39801
19617
50320
40613
5447
10965
16359
65260
59138
22399
13976
18010
3806
1979
61296
4620
61837
7539
52057
60579
53612
50419
60746
4693
9008
28704
18350
24579
8211
23834
32223
37582
6776
312
44760
63959
23814
48254
36104
64996
41149
10183
39491
49523
50615
13266
41715
9183
60320
55114
26417
5224
14939
56918
65039
19152
2177
8760
64135
18365
19817
21547
51911
60463
51452
55542
6993
55437
44867
59220
47348
21905
7689
45774
35611
13009
41759
46516
40685
47601
60176
35835
57667
28400
62784
56619
43366
7658
44677
15948
30439
59522
52566
56780
11389
34040
1110
9415
40022
17162
14344
65192
8587
61968
4562
14027
36400
17282
5971
10887
32844
7215
9258
6526
17217
41569
44357
63886
15023
26273
39155
25052
4962
20827
13605
29685
40640
30720
47651
45962
16238
34489
11642
57022
54984
14397
40649
36153
39897
58568
51300
11526
32586
39712
46729
56337
41890
38582
58568
47077
21155
24300
48262
28287
23414
20566
40921
56857
57407
61375
48713
26587
42228
14457
42655
56070
41456
64672
30377
37076
7587
7627
15623
35428
4483
18677
4124
12620
17387
61043
32422
20451
18676
13820
36117
55245
64078
27843
16246
12065
2006
20044
41639
28725
15323
1389
4669
13854
52095
24939
47096
59413
22129
30870
19093
22958
12515
10281
35961
32790
20521
25348
64105
64492
14885
12736
47925
2766
33540
37688
202
52606
3198
44759
47905
45765
15234
6814
18600
46987
62306
42584
35993
48287
15942
41740
20385
25477
5341
38740
59757
35802
3740
21543
25152
16096
25171
1421
2120
13999
16487
29804
49549
7544
29228
34205
26406
58004
23680
19821
23927
12844
12394
45807
24780
13900
59717
24952
27113
12407
64258
7371
29460
2482
7214
5641
58455
9322
7407
43388
50713
51356
49724
54154
30087
10580
30231
17869
40322
28728
34859
14762
56017
25899
35814
52204
20765
34097
37241
57507
52771
12749
16995
42935
23125
58036
9475
40560
64814
16776
35291
44783
4566
29153
23719
7298
24235
10275
31824
7398
26873
21484
52650
27859
37619
20838
27719
49641
33762
24509
41049
5235
49868
35797
44386
39359
16847
4403
45947
36548
9003
28128
36993
13010
45401
31314
53026
56040
12570
3794
53902
41545
34640
34327
39765
38948
13171
8055
17945
50701
23896
12645
41874
3110
34145
17536
44013
47686
63789
32662
64195
28294
56298
31027
17765
4056
62845
3378
37425
33888
28438
370
20079
44692
22971
27036
37586
61160
1125
13825
60822
43825
20856
32610
32898
62738
34035
53222
44200
15204
56592
64172
58408
52517
58258
8089
38213
53557
38718
11219
55047
53972
63072
10025
39545
2535
34942
45966
61785
26953
60616
35980
16101
60073
31115
60753
60687
15303
60757
30015
7450
51586
29021
32378
11555
16768
25800
264
35705
37155
28378
53392
15033
42533
33875
36293
18334
23833
3067
59840
12532
64794
13148
11635
19515
9694
7681
8140
1478
37112
57946
47925
23147
39099
57866
29579
63536
38846
22256
43308
2393
54171
60498
33194
32300
28164
41269
30616
29095
43012
16708
28661
6902
12405
54574
1126
55435
59213
23692
57982
5492
26472
50933
49156
26732
33559
60254
58960
42127
38691
62724
26060
12068
10069
38083
53246
52164
12214
53938
12666
10414
27223
43602
27648
59521
15261
57141
6123
39757
20828
13740
49853
18021
13759
62378
30211
51361
50294
38591
53257
29450
27742
61848
3801
61476
13936
44680
19264
35166
47028
4780
16321
52635
17755
16676
52601
30442
63368
24011
33359
41566
27309
860
8844
24436
3708
24108
36680
28029
20717
45549
12229
46685
62033
10752
34656
53867
9892
23829
39148
25655
51242
9028
62985
61958
23878
11056
30789
9919
26124
38940
39101
7316
28247
34390
13539
17143
22413
61266
25777
23371
30226
19762
28473
11803
30482
2980
7185
63692
2284
30111
57890
3818
55337
64194
49582
57607
30386
24922
49185
10772
63171
27857
52055
27832
22895
9603
13980
17557
18884
15138
15700
1472
46293
45271
57204
9538
34143
22724
41608
19580
21314
37794
52313
19782
62187
28698
53931
1725
11644
57322
34579
44207
41992
18742
65228
44201
60980
56492
24272
54864
22371
62286
58902
43054
38611
29020
47332
2568
6945
52885
63197
6405
45566
53928
17883
33185
57507
13691
7296
13465
6534
56881
23767
45908
39695
62394
51265
42537
57460
34405
13536
36204
6405
57085
16532
58535
50883
30814
34891
49026
59406
45330
29103
17380
29207
48912
20521
10761
43818
6323
61900
53607
46134
33649
47589
11049
35882
37774
21447
47982
35620
9930
30239
29470
62062
43301
63172
63360
26708
9350
6218
14660
43708
36836
50369
60496
2935
43853
52623
13156
10630
36033
21286
3642
62311
48917
57025
11562
42444
53208
45882
45577
27979
16936
56085
26741
58470
43061
59074
46319
52342
65104
25151
26114
55248
26115
60212
38606
8405
26629
29409
33597
25963
44815
29034
33830
9494
48013
14825
10094
39153
44792
18799
37696
11935
62583
55376
40854
61395
49352
43755
12656
48832
42580
57778
57723
49036
6007
41324
63994
23423
17084
41213
25309
36313
49250
64832
57784
40571
21777
35457
54267
6160
62048
59790
58979
6697
25348
54313
2883
25644
575
25706
51335
28196
5479
13715
41409
29952
21088
64250
38788
45299
40498
21853
59627
37292
58981
4749
22385
52264
32304
5052
27373
4825
20506
48144
17391
30857
63159
14636
20799
9807
29859
40031
20615
21834
47496
57560
63901
34468
30917
17828
39866
56695
4503
29569
37528
23999
20192
9332
47112
32564
34037
21216
53772
11024
10293
7723
34088
709
37543
40877
406
25333
21919
18119
25299
42392
51787
21069
33729
20498
36199
20402
17794
17673
38511
1239
41919
14637
20073
46698
55606
47558
1857
16565
34510
31518
22225
8873
41112
41638
46957
39620
24712
39634
36758
25267
28929
17015
4380
46848
50957
42704
18231
50050
44123
48563
40905
39726
47040
11624
64551
33018
14089
49479
42918
27434
2978
58351
63639
20601
50984
24973
55469
10584
48190
53314
36215
30174
11081
35415
46712
10420
28836
41103
22343
10739
35475
18373
3050
54922
60031
5972
7797
3006
13734
62987
14603
56371
17219
15097
39624
43328
24338
11426
325
24508
13912
41160
9306
55542
31863
46607
45487
42493
60626
23927
17528
63124
16797
32852
3754
320
4722
55515
57289
21796
5817
15311
25556
51178
8898
53466
6412
65172
50015
33452
48798
37643
38756
45751
54974
30734
37541
53976
18603
41875
28698
45927
57561
9759
47578
8749
6979
44108
18806
46395
60523
38035
2681
40113
25268
17270
38462
19767
19303
54044
38247
43725
28033
37632
26986
18910
63061
63016
2572
16869
41524
10054
47271
8437
55000
7146
13658
33744
65454
63642
18954
38470
8278
36877
64678
62324
10920
52016
15098
8517
47146
31695
7985
13775
10001
3377
7922
14034
52264
29024
9533
30233
35255
31664
62920
31548
50511
8409
12163
58612
46643
65211
58976
63131
41279
13584
2438
14742
61769
41054
33594
2848
31725
35244
9251
55767
27947
7861
41322
64409
59760
43712
16939
14510
21193
55814
23010
64095
1881
65156
39024
54554
54697
5175
15211
30091
43067
16481
2197
54399
63421
37422
36735
19550
7061
57524
53830
52169
8738
35279
24451
21277
16044
40680
33001
21441
60591
39842
22957
43680
23994
65143
33962
54555
24131
45760
22872
46203
29344
8814
1974
12701
13736
3157
52081
59961
64188
10160
56233
54709
18153
7200
14737
10734
42275
45154
20988
3457
42391
14676
56031
61234
56016
44440
55686
52404
64882
8442
29818
3562
55387
50549
19848
16282
65322
22455
20784
37146
1139
41340
39297
18150
45096
27910
12160
14183
64748
24666
29539
11239
22287
8268
43284
47265
10342
42074
12230
43528
62544
16583
25289
54506
29863
9736
4142
60002
2911
58554
233
5414
50651
42548
60730
26322
29158
2969
44203
55896
59197
47318
21115
50223
9951
5554
52855
11107
53583
48814
37705
61392
9906
61318
2209
904
6261
4979
64972
23172
55806
18512
53895
4032
28561
43661
25575
41616
42452
13608
55314
40357
30719
63056
30761
5820
64374
3862
46060
10576
57266
40640
50368
12638
19326
2849
17416
58712
47533
44934
5175
24733
50461
20811
41435
28464
38996
33611
4618
57276
32826
17670
15996
27701
63617
23022
42778
60037
64526
12880
45976
42910
46760
21117
14919
16099
15374
24490
4057
9425
18486
11056
19011
56935
49751
8988
44871
27803
42732
57043
5971
62795
1869
24174
46289
50693
26385
39286
38916
23049
49611
43738
57510
62334
51463
26542
40256
8883
12601
41881
19157
25053
8830
21305
37872
37270
26644
23036
20536
63456
23160
45595
44875
56901
62930
17636
18783
45477
40367
21183
23444
61980
31374
28672
46705
47713
4924
24399
12809
54567
15259
18376
25856
17623
22293
3251
12106
5806
64296
33348
30278
7502
40651
27562
32275
45584
40233
49196
62884
41056
871
10801
37258
24528
8959
37212
60444
27624
38814
34035
44960
18974
59444
37305
30455
8572
22024
40979
14951
17648
32925
30928
6484
39891
2011
52113
63500
6086
62332
58444
5218
58607
4958
55869
50966
56306
41620
25342
61320
16233
63366
36860
51753
62337
42345
57150
5337
39982
27641
18053
28426
20853
10954
15901
52474
20779
2613
26420
29023
55439
9302
50045
49629
45145
41372
4070
20732
38559
34953
42216
24210
22858
16382
8263
47633
48399
10737
5893
59735
34763
34337
42533
23998
456
46297
59652
53942
43168
35562
56574
34281
37626
50766
34006
50762
55575
32977
27464
19367
26794
42544
4526
51875
28634
56561
6930
61743
61968
24877
63116
61431
2466
2799
16880
39597
49674
32957
58965
54117
12296
10559
37723
17756
27405
16794
37666
7613
26329
10346
49906
26607
57517
62220
59024
28544
21948
19960
65067
17363
8181
1404
38793
57919
5655
34752
20183
22073
33017
53143
1073
46048
37296
54449
45839
33331
42392
56073
39108
59126
3142
65245
41768
6262
34104
25651
28915
34867
32313
32259
27500
46003
22813
23262
52179
46559
49705
28723
1117
3526
42014
23849
32474
39577
53819
58057
31576
43514
9287
1271
57117
3846
22231
56582
35050
53687
8194
19975
52844
33723
21831
30419
20375
33394
39468
55729
35941
63044
26396
23847
35323
62048
58029
62852
4177
12639
56559
56668
17105
37494
32098
54680
21038
51394
53633
31485
40482
54002
56310
33985
37071
12608
59977
64389
54735
48876
58229
59360
53808
35874
43599
22915
419
33204
32349
45867
22810
21196
881
11157
53214
17800
37898
24901
192
24948
54748
42411
20246
5641
9682
25842
26021
40914
59475
56421
45161
44409
21518
46782
13615
20361
9346
26884
6718
41306
49384
50936
54490
58624
33900
16964
53996
4613
16642
33371
57372
27433
7808
25115
26647
5243
38871
60972
17592
40438
13483
49436
40784
42883
30220
18192
27651
54567
56797
54012
28259
50709
26619
37161
42837
6184
59114
5302
62245
4423
33111
57591
60404
35068
3068
47064
12355
46614
65087
13262
58277
54162
42666
20744
41218
14155
34243
60673
64284
61026
57389
49137
13140
32806
5867
4310
62653
56265
1146
4851
38113
34161
32820
633
40932
57693
53266
18073
37308
18520
28558
11206
43375
6299
29374
19287
57751
35934
6845
60688
36909
40886
10406
32987
65520
48107
46250
45619
30163
24986
52142
12784
12861
16690
10539
22098
48237
57824
16317
58005
766
5697
51222
3432
36115
13673
40095
43123
15378
6433
4010
45289
28165
31605
40549
15186
61616
37098
27315
15351
48035
38313
33929
30793
15694
33968
47146
50773
30416
12978
16631
33771
19415
33461
2176
48582
51280
39948
12442
26119
64903
38341
62967
38606
21068
7042
14241
35439
45493
60690
52047
28167
27303
49975
48790
28926
7416
22843
48253
29941
57278
3068
32975
40403
33684
6114
17156
56800
9299
7765
16363
2881
35225
15363
27574
39051
17304
7691
9108
64326
3594
56617
26814
5991
19166
54664
59399
61306
42450
20031
22001
65344
60235
41484
11870
65185
23702
56178
27274
60204
32358
40310
63535
13036
53888
56525
64312
63816
9338
4956
46255
63117
8085
18266
62010
52108
54649
53796
38394
37817
53265
3064
39795
55309
52710
63416
61941
36626
11411
21892
34247
29455
8679
45032
20372
27745
23136
56339
60953
21114
25274
65196
44292
13451
61794
41771
16747
53796
32169
39177
2120
1421
17787
19994
23819
32537
9637
12612
63210
59826
16031
42781
31677
43054
55576
43530
20424
40640
61776
39924
10917
21243
504
56774
49461
29048
57142
43799
36704
20839
63589
49150
50440
21520
28019
1611
53876
19392
10790
59974
12363
29253
35350
1047
42020
831
33118
52598
64454
26160
37848
37647
64292
45276
29801
59073
23997
46378
9296
56536
28338
9442
52048
65319
39366
8129
19408
61043
32654
19611
33729
27667
16642
5769
57866
10680
44038
24278
63165
16282
34387
17385
1366
44128
12509
14804
16934
37092
24915
56409
6111
28796
31443
38697
64467
2166
48330
43500
2211
17777
38160
47018
50572
40401
2070
27551
22679
47777
26626
40906
56651
55050
43757
41354
9351
47646
39710
19800
32575
33881
20008
41570
56864
13810
55886
60223
63625
4966
57931
31359
50730
63363
45480
51489
63278
51706
32605
41645
11718
44594
27659
55209
20756
62504
38779
43643
29016
25332
36370
35831
28954
30913
31149
13855
26010
34990
49821
64301
54606
3841
24592
7468
35799
63613
34763
11042
263
30105
914
62792
9119
40772
26827
41497
33138
7060
60749
7444
29642
32573
65515
24860
29151
42756
15728
48024
4646
56349
37865
42115
53856
26866
24100
4044
47859
23165
58925
4549