55595
61056
4910
21254
32042
13128
16156
32830
25126
56613
27986
1728
11784
35314
64108
54454
56213
62546
55643
24210
21971
49496
18462
31800
47632
41576
13789
2595
2623
19508
62397
12235
48226
8920
59578
30178
37812
56470
57460
1833
57781
12230
50027
14095
8779
46933
8946
32781
55511
29299
46798
837
25406
65267
6072
63417
24487
3204
26715
30167
18830
28610
38340
62854
65409
39768
46162
12940
43093
61962
37666
14385
37773
46883
58399
34120
9838
24984
3036
27885
32594
28058
7490
5273
28662
16923
50357
5026
55464
7256
38277
56080
31706
4070
8587
24747
23137
27192
13530
54683
6113
17899
21995
21417
2855
47371
13814
63017
61122
61569
11566
24463
26219
7342
3350
56198
8845
63721
52869
30523
53836
43534
19169
61579
43857
29849
1009
62012
60813
58498
64516
53971
7679
63822
11159
63575
22488
23081
42313
513
18224
61004
22223
41859
9094
20928
19260
24645
10109
43510
23363
31969
2264
38332
4547
14361
18095
15993
9439
49903
64288
61263
49494
39750
36067
41124
731
8168
27731
42496
15322
44431
57559
40482
19267
57422
11862
57149
16599
39978
60957
34020
9383
11197
40910
64112
64826
1290
18142
5035
41095
20627
34970
790
34784
33775
49339
46095
21032
28902
732
18763
17584
19529
24392
10706
42817
18635
59319
39211
37734
17648
39951
5905
30370
40663
33506
32359
30774
59619
20982
64915
369
25700
21930
41684
34086
28587
24964
37162
3470
44504
18800
61556
37706
42867
18465
43337
61756
60128
64089
19575
12557
48944
38905
35456
4908
22250
48960
20716
48330
18386
46729
55440
49298
50288
64172
7365
35861
2843
51327
11311
56826
41898
21698
35078
50209
60582
1887
43956
11460
14902
19617
11587
31623
1456
8123
19580
9038
22547
28663
55939
11242
31125
7858
53018
9447
28133
34153
77
45922
34616
50275
39459
58409
51770
44384
30860
11560
9592
1088
39770
21133
33741
55468
14142
27365
24767
12821
17506
19523
11741
10493
29076
28540
31874
2986
59387
47672
59523
9157
57086
43052
61656
55988
44448
59211
29462
14566
20564
42456
27296
2360
7986
33481
33952
39689
57538
62071
5405
56852
51569
20232
32831
8433
55089
57264
37451
20734
47805
51307
65191
41080
62071
14705
56190
19244
45796
62310
14925
6443
7594
25845
42748
61103
16422
62017
45692
14530
1040
52379
32223
27546
32469
26690
61841
7311
13984
32289
15000
60510
36192
51149
56214
33918
48882
30806
47559
32417
38855
9411
29692
47865
44377
64365
2150
7770
53910
53469
57855
41231
5690
17947
46824
26290
32816
14999
30266
29005
56781
61275
41672
55
7285
34381
8875
61764
4882
2035
24654
1424
32437
6383
19538
26762
64672
36331
52881
50238
32567
55278
50234
21512
14086
18469
6304
36566
38455
5779
64739
6956
47655
38000
7570
45704
33091
42657
59025
62950
9137
10955
10910
26744
55560
29489
1674
55744
30385
58447
31829
10878
1565
52394
24585
24931
55136
42640
64008
14361
1631
14625
48527
61311
10838
6943
131
27080
21712
42547
16024
14232
780
20966
57667
11127
57669
52624
50404
56453
8841
6810
55445
20205
15807
43615
50670
21884
43139
34181
23379
19537
25126
45677
43358
13904
43066
33729
17974
3499
22421
28483
61791
57321
18265
3982
62099
52435
43883
7806
17785
63927
16745
20688
2482
64050
26453
34893
14586
54450
10122
6402
8875
30687
26949
54288
15430
33676
34160
28670
18989
49549
22574
13774
12538
1276
54033
45906
56022
49343
47662
22481
3563
56261
47430
44966
37810
58202
44682
47062
62089
10940
52284
57520
23709
60627
51469
7032
33781
50498
48861
44947
9516
64028
17743
24198
51747
42069
49780
46477
21995
6308
54131
61250
25287
2369
31828
12400
29987
15497
19821
27767
37438
4875
45826
14047
16762
39456
61139
30089
8627
12020
56469
32337
46290
58266
22141
58977
42898
19165
34941
55845
32954
12873
59032
39597
15422
57274
15455
349
1606
29920
19473
22695
20807
6701
41587
52338
5817
35361
32950
62559
8596
25014
1883
63840
58203
61886
26039
15959
10827
21254
56561
48676
49993
18139
3532
12279
10051
26957
12858
60025
53328
32150
11361
38637
3089
60205
14549
54998
26708
54062
60925
49972
37007
39732
50682
23471
16554
52631
59500
1397
40625
45758
59804
56770
32534
30077
63764
31206
19110
4099
7096
17537
29558
27592
10151
57084
19446
58071
6741
59720
54500
51619
37376
50253
64001
4162
33120
10931
59536
48474
58336
8403
28052
23244
44172
45830
6611
10848
11001
22930
45739
19479
17817
8987
30769
58041
2763
40445
55107
5382
45600
44557
41537
28459
16227
9992
58396
28227
59412
18366
55834
8580
34234
38931
22754
56055
44361
33951
22703
10054
2730
52639
32480
28358
19970
58393
22846
45824
60624
51762
44579
19445
17828
32760
60054
12087
2925
58893
62687
38780
19918
32978
645
15012
65150
52550
29594
55794
4392
40492
27413
35284
52584
35505
57599
60886
54265
49907
15668
23918
64630
62850
51669
1561
1888
49565
41466
43565
2642
5578
46734
54176
63567
56142
10969
32345
16932
10459
17146
10257
21658
61027
8109
55372
19664
7918
56046
4021
45916
11407
50676
8806
50790
64671
50839
12370
4850
18887
37214
28108
4394
30351
19617
63732
15336
19347
6777
17037
13000
51716
8949
11170
24873
51594
44311
37658
17037
29262
11614
58712
44275
2784
22774
18267
27785
8286
19860
40422
64056
51921
63924
19250
3235
13969
46649
12624
3709
7102
21192
45113
53365
30858
62746
56215
2559
42503
14982
16418
30667
31483
42122
8512
15033
12748
37602
61976
19097
2698
5582
49232
59731
7110
2233
43821
12492
21462
16495
5066
58558
40645
39516
14831
2760
889
23044
20158
34746
23665
6113
34951
57565
30023
43860
25274
40249
47722
12772
32399
5138
28478
42981
15730
53257
276
50925
8528
60301
984
53064
30751
43898
30313
63048
57772
19923
10699
43866
1673
54149
54335
34417
11595
27175
41011
35296
22724
11820
412
10692
32456
11189
61815
47109
4848
22535
52402
8733
4525
62420
24175
30018
46994
11711
21179
4146
15347
27073
19344
16865
33625
10418
11923
23631
35654
59579
61467
924
55762
53524
17196
29460
39803
52792
5423
42570
62638
11074
31064
27714
25327
34188
33432
60837
12677
28888
52233
16234
30808
7735
55200
10039
64126
40258
48169
10223
41998
58143
64574
13391
44512
11387
36417
10894
60640
57771
60339
62016
32217
3489
44207
37798
32737
37629
19479
15528
11176
16676
38885
49531
47898
14178
16952
49504
48146
44905
62661
11641
13701
60350
57755
62313
37740
64583
38886
43286
36596
11335
43020
38214
9906
54621
54986
62251
44600
58440
3800
45673
63776
63231
29361
41685
32215
37641
3322
60252
50048
38688
55671
4847
12449
16638
36367
9911
30831
7468
533
21064
33155
158
47377
33341
63281
52763
30431
3109
64760
48636
23783
58491
20895
49912
51516
28011
49195
33535
20594
55028
36265
795
33421
36148
28953
20310
32248
35688
27633
57522
9799
12004
44583
50140
65378
65000
27668
3232
5950
31170
60927
34825
23288
60938
34100
64318
15711
50259
54122
24581
38082
54287
43222
48161
62801
19373
2944
5778
33611
47755
50766
32178
62801
2987
16461
38995
26829
51911
31507
4221
23622
980
29964
42599
5617
33747
47577
18396
37217
19840
39502
51700
13735
57085
40271
44114
30546
49765
17246
38714
21683
38680
50168
31377
27923
55839
56421
41191
58156
57496
55541
43467
16329
46063
26445
65275
62338
5370
32338
62998
29751
18580
21624
62057
36501
51007
24628
41421
10322
56382
7238
21730
64427
40228
9624
34758
14038
20685
7655
56634
48579
58523
2431
5461
30091
10520
40366
32672
35183
61541
5958
50675
4820
39086
9672
58569
47476
4766
57145
37931
15595
21937
31723
40987
63521
17454
57939
61961
27919
61557
36782
47080
11866
57914
28224
49021
39438
38265
35682
47563
15799
4548
18432
20820
11317
21204
60847
10643
20369
16950
54950
19989
23713
55897
1275
10185
47316
19741
40909
11715
30228
25348
61580
22973
2752
42978
29860
24343
1915
21099
36791
23150
35477
54027
43284
36928
55972
15540
30093
63509
14019
15231
36857
58002
48600
25598
29318
16217
16060
36927
24087
16184
3637
58959
55245
53551
31413
56297
47062
32542
10935
46662
8920
26394
33409
58766
4437
39548
42931
48546
8472
45423
61951
9258
60318
39869
36889
49826
20715
23956
41265
12679
53603
3213
3090
24936
46969
9471
25094
41390
15306
52696
57519
1503
26041
55286
52157
18222
48946
23005
40475
25823
21216
45072
58884
17596
61822
32121
55529
19206
918
34787
37578
36450
4915
52449
40602
64952
46475
63778
44874
56300
15360
46102
6975
61492
62866
19624
28242
18126
3281
18523
44562
2257
32407
11915
43109
25920
15997
15832
55972
63457
51033
26137
15793
21437
47078
31071
12865
24935
60659
50346
50818
14778
10436
2735
828
42646
15185
30054
34746
25688
17304
57843
48813
45666
31970
34797
64079
30326
45765
63702
54554
57013
6277
37855
20419
65352
33626
34307
6605
57701
61263
20621
54399
25738
64362
59963
53259
45994
7382
5645
56741
21273
25812
28501
13921
15063
39685
60440
51250
21641
31743
45201
26425
2108
39325
28069
57314
5033
5856
8853
63530
18343
50484
50883
10108
11929
27637
64432
44022
53614
17836
33884
53167
18921
65043
21785
45937
7280
45056
53181
12855
63891
24395
32961
65133
5149
45047
29817
62814
3242
55700
52923
1209
40669
15506
13310
39198
62405
1093
24484
42914
7559
1058
31435
57851
52706
49946
49558
18318
35136
36688
57208
12808
13200
7240
46571
41366
58880
2886
49314
4376
38256
23764
12008
61031
21169
33682
47442
11673
3485
13838
56061
13861
5284
30967
22955
27998
8429
63129
4747
40675
32985
35652
55926
26645
48231
58562
41102
30768
45467
28693
20648
35069
3610
26401
49157
12031
43458
25760
37944
33958
5093
20984
27991
40541
63690
27005
8804
6434
9501
47199
56740
37613
63468
11710
24154
30286
59726
41426
51865
57411
45492
8360
59512
30601
51866
32322
20363
17375
2070
6803
10887
55270
40221
39732
22669
56892
14325
1665
21827
41509
11981
61373
35071
29640
35969
29527
55323
38972
39639
8228
13463
58151
34692
52748
40380
41012
45704
29493
27771
32676
13346
37988
20116
63646
55712
44815
61204
56812
54849
44760
24996
20146
19465
22694
47292
27949
12791
44473
49109
7859
22255
16070
29474
7089
63251
26224
54287
2560
35492
63285
55596
23766
35003
45555
13381
10251
22015
12444
62675
1819
65422
27245
40516
19066
45761
19184
55367
11692
10241
34519
24404
39432
22249
24129
31566
42614
24538
13090
4186
41098
58617
37860
21239
25976
9916
6547
24822
20602
19914
27262
45331
21700
33536
27912
5781
44017
45928
44708
32553
32788
41810
44115
31865
22389
16959
49987
44093
62958
8107
55004
56120
50871
15693
35554
17810
16496
31281
49247
10058
60091
56613
37931
21678
51276
20068
57133
62173
47429
9081
11846
62520
5721
14352
53906
50721
16873
24605
31303
10686
14082
49975
5389
20141
64693
54074
16585
6551
9021
2999
36191
15193
1905
16870
26606
7592
26139
49216
712
23684
17141
31452
23617
22433
35926
13360
53045
11975
8947
57391
41396
11851
30400
21473
22927
57012
36055
14258
5428
55329
55954
35582
24636
16580
57018
30661
29035
10583
30160
37091
11357
46429
59081
58921
30565
19358
38065
43385
9205
26333
14300
55177
50815
17034
26776
32455
60411
21065
19467
53041
14657
12859
19397
34228
18992
21202
9841
48037
34533
58227
34937
56078
65318
57433
24719
58717
5469
43345
25282
11490
14484
10671
7320
63826
30405
15446
14093
43356
6466
28262
57469
28751
4184
30640
16598
17368
13372
9833
30770
9511
30272
45435
54294
28231
38122
15370
59854
21647
8638
40007
24727
21947
58600
45624
8409
12284
65436
24506
11872
35612
50044
21684
51477
9025
48246
29390
49320
57533
16470
37615
17720
36021
24728
46828
41145
4469
16321
7275
477
16618
28837
5745
8250
7584
25433
34965
40364
11356
11018
8782
46082
6367
1966
23916
857
27846
39448
47097
42522
61763
34813
742
45530
59730
48319
40010
936
42777
60608
23683
3816
58462
49341
24851
23249
19594
34902
55562
12559
15272
32476
31059
17671
23256
65357
47944
49513
34671
47293
21986
26622
62916
52108
47845
26513
27388
23253
31570
14437
53798
16839
12635
23048
34547
20754
22075
54401
31348
42252
59925
18543
1134
52500
39364
1352
62836
57582
1421
10364
55780
64889
9680
61742
28104
17752
28768
25431
20442
43036
57225
24802
44165
43651
62361
36579
43360
34976
31993
3875
32999
21578
62001
5402
2607
14036
6374
46895
3433
43068
43955
45174
10001
38939
48425
30394
8111
50549
33334
8302
15796
12034
34925
28806
25256
33006
6003
47720
42695
57510
28286
23802
46869
38934
59702
27894
30852
33822
25904
14786
42125
7425
23713
34955
22540
62010
31027
46384
42692
59951
43010
50794
38019
10209
24004
6186
4319
8296
7392
32875
38203
10436
36165
29304
19623
50331
12726
32927
35546
27745
53850
30180
18630
34086
38709
34880
64201
24834
62363
41297
33326
25970
16045
14221
63384
50933
12817
35709
31241
42410
34239
19492
11172
53907
9598
2478
23631
54881
2347
60858
18776
5629
41124
3558
40079
9207
37890
29606
19696
51321
5996
4034
31539
54047
40386
35153
54629
14735
11691
32076
55223
43855
62460
47285
14315
3510
48207
46700
7401
42000
577
11486
23764
59087
43065
23458
26095
46378
54611
14031
6818
60128
2980
29173
53977
26136
55021
49033
56192
18744
2001
61200
52667
1002
16628
48941
10342
22175
21132
64550
47922
48292
31875
15718
62858
14525
6497
57108
22369
51167
19800
61321
22791
56600
9353
18576
45332
21812
48476
15144
35858
13159
36991
45549
62527
42726
46606
32447
17376
57286
59659
2548
58122
15345
46621
61170
3450
37382
32334
52189
40689
48721
11082
11557
35217
17381
26551
48067
44536
18790
19692
28288
7021
59412
19171
20947
39177
59576
49946
33992
37697
33764
56164
394
60143
11515
12589
40356
31979
55810
60020
7289
49177
15445
23106
52097
14413
15112
23942
27877
63562
16075
56844
4443
25177
35013
50019
29954
53658
17561
55498
56941
63133
49245
5201
50131
21111
36273
26813
19340
44352
34838
49496
41458
25372
14264
57026
24132
30873
7092
36978
20127
7444
5211
19956
9021
39090
20141
28271
52785
30840
9881
32720
55468
3105
22052
11258
7041
34747
4347
53779
28102
61060
2226
50605
48622
9442
51403
57739
14736
23261
11036
37615
52534
39973
24284
3361
64796
28911
33856
52110
57448
18073
63618
39627
4622
42354
43466
4804
16604
42736
33934
7721
52174
21979
25146
14737
30311
44722
29494
18175
315
3567
34514
36143
53571
7806
33514
17466
244
35420
4505
6027
46436
37180
1130
17661
50151
64971
52170
27908
58265
35906
24860
42893
27174
5897
10846
57874
60397
48857
2043
61614
55420
27148
31707
20876
33118
31747
13037
1300
47094
31440
31353
54083
36079
44837
45799
55846
25217
14380
5524
34951
7425
683
52832
29868
27156
53553
2025
38724
32549
6545
56865
22875
21863
33116
23829
42330
64782
55942
9342
31661
1154
1423
47598
12069
12600
545
5939
40608
60828
12282
50647
9379
39818
19813
56244
36330
46235
42540
29311
5181
65181
46038
33055
17476
38151
26368
8807
46252
60286
28543
25664
40657
16596
57746
45793
34141
26909
22783
56127
54917
32324
8310
53431
56928
2035
23355
64904
6906
24758
9453
46918
40549
16171
51341
16733
21835
21368
41737
27217
64120
15289
54278
20389
62024
44718
45875
65153
49578
2900
20519
33350
55115
34179
57828
1970
51099
23967
62283
6136
46924
49422
29297
29322
13590
54337
48708
34198
51767
41595
1024
38365
11723
40152
52447
46124
56292
44807
42756
61675
45967
55291
30001
25370
13678
34110
16046
61651
58493
38521
51933
16834
26634
63608
64885
61166
43989
44122
15963
64718
18566
63468
54971
60256
4311
9150
19845
48336
10244
15642
51917
15387
51073
2840
42348
46446
13923
44790
18458
5199
58931
61556
38897
1198
62440
51484
55429
49484
8755
33960
52358
9573
22225
11092
53525
59526
50519
54578
9513
44348
21158
24841
643
13650
16819
45594
34725
48615
20545
40173
16756
16959
4215
22548
133
48347
25142
2629
14438
61898
56297
59451
34143
34604
46743
30077
34493
54624
54637
43409
18185
53015
27915
62250
10404
9988
2709
12082
43222
38795
1114
7006
57555
53151
6163
43520
37157
11970
28617
39762
37626
41400
49545
42915
63333
25683
40985
5745
52419
16169
24527
43127
61219
63231
64946
40581
39684
62221
7186
15185
25902
33573
30882
33004
58113
46882
50962
24092
34874
13002
55034
39917
58794
23531
25975
9944
61787
55733
7377
47074
64475
16207
62522
50516
64566
17137
64364
13878
19651
32383
33289
15494
18488
49803
37562
37154
47564
57131
351
39449
41947
41871
33855
51583
22555
3541
55903
12180
6974
52369
34651
62901
14327
53773
32401
46214
52477
33195
35507
20225
14016
9471
58196
8914
44049
52224
6077
8271
62609
58207
9505
4142
53401
18794
48701
16509
33054
9306
45689
4022
9565
24942
33558
24931
28213
7062
37727
64153
44
55127
15815
53741
3352
48087
43688
2203
46681
15684
30828
54057
25093
28917
4545
17206
21102
27694
33603
37506
3734
4618
45279
56524
15973
40177
21564
30949
31057
13158
45177
33840
30822
28235
46663
45656
43824
1265
58699
39603
60822
43739
38550
10710
21934
29728
55632
60779
43811
30014
48519
33492
39625
25203
16628
46567
53928
27947
4756
53057
2563
10992
27040
61849
18257
38698
29201
30802
52886
40664
64245
5989
11955
21172
5032
26503
18803
63266
8055
25316
11320
61726
40303
50343
14394
36134
30211
31969
4764
56899
47599
7594
42730
37186
24212
5203
45745
21286
4211
27713
52702
13586
22970
11432
18364
21682
8649
4046
64905
65150
7517
63692
52714
16673
41954
921
62983
7628
22394
42885
32291
39806
55763
38680
2026
57759
40868
43039
35542
42678
64455
47900
30343
38438
54957
38488
64059
38017
58395
30877
6252
44529
54536
23335
23347
22371
60999
52791
58851
27007
22273
35742
19980
54115
54632
36032
7651
42827
50856
32293
27580
36702
53249
32531
8123
34324
42057
248
7852
62259
9198
20556
17606
14661
13663
14106
29251
24807
16029
36060
30299
38356
43929
35007
27811
38496
29975
52425
59325
57945
16737
7828
31124
60151
42074
64261
25302
24069
38335
9732
8416
13026
8597
18844
29054
15347
30913
50157
35100
53980
60987
9124
36496
48950
59440
46776
51198
28464
65059
44464
53742
8232
56197
61966
27571
11741
30784
44974
14852
9280
6136
36890
41245
53059
24902
33606
53587
17724
15396
60606
14521
17043
3141
47405
10622
45175
41741
10866
19315
28259
44579
14200
429
4428
17973
52597
63921
22894
1642
5174
20986
55233
20246
1343
4412
46712
25973
19178
41859
54469
30485
20130
49211
47876
20154
2182
49953
29887
1953
5253
19662
32581
15853
48904
2103
36580
10935
11571
29394
62181
48063
7737
24710
34025
53131
50752
38252
48118
61751
61906
17693
6079
52530
64424
27722
46621
4969
30020
51533
33444
8273
8112
56307
60824
28970
38377
56900
48302
38754
52668
20056
24073
20263
53566
50347
55722
3010
9767
40537
42645
8239
6738
62478
1608
12532
31095
35992
33673
62581
61115
63867
46639
37547
58634
53072
22466
38853
59447
45212
59681
50323
13991
42620
15162
55539
52896
63864
20919
29041
41773
44671
40980
45268
49663
5402
61617
61748
44182
1371
58916
31773
10997
22737
60391
54528
40706
30876
47642
24573
94
48946
4704
31571
46115
1010
34302
62358
27596
61496
31285
10161
17450
61992
62716
21818
62816
53998
16382
61333
18371
21581
6884
9090
25645
25816
21654
63764
41635
49821
21569
36138
62461
35653
19551
17094
58670
6992
11766
48058
57527
5451
13835
34651
49027
44129
21390
39606
55010
34528
7953
8339
12574
48287
3553
56587
41825
3714
3474
3181
57635
39466
11598
60356
13565
25118
21043
62812
51451
288
20240
54675
60986
52726
35234
48744
58445
54296
29014
51329
40907
56377
51307
26440
6371
6275
62051
1090
28840
42916
49082
19033
45019
50205
55657
30973
9854
3504
8182
56004
10050
20891
3574
30065
19516
45292
34566
7977
38441
63460
45634
19422
57069
62544
27450
50645
63926
52840
62752
3179
44013
41822
57597
63632
26925
24051
10177
18466
51489
44356
27282
35570
15258
23044
24211
12221
33475
32541
42979
6263
3386
44836
58982
44263
56346
31095
18155
33298
39523
46614
60436
60975
43447
27628
24578
6602
55508
25981
11468
55224
12701
7123
16584
64558
27782
18883
52312
59706
18800
14712
64849
27606
24303
12191
62082
43993
36211
51434
61077
40767
63579
61860
8023
59104
49961
62369
56379
32520
38572
59867
39714
35824
6425
51573
16308
18556
23351
46129
2101
25778
52507
57832
56984
55224
9023
30985
49758
22817
24193
65295
3820
18203
30294
62028
34808
28833
8391
52055
1901
8693
29691
34354
56199
19093
55920
5493
38246
59330
38984
40915
55615
7392
48378
32302
56522
7728
58112
37751
31826
2899
58805
35759
40683
20393
45102
14678
39227
18735
49733
18362
48723
22146
23592
52566
36264
27065
20958
5947
23838
52427
55406
44322
49715
24141
30804
42677
39996
8496
49614
54585
36951
45592
20910
19666
25945
52241
18040
8824
51570
42375
54691
56053
26446
2576
12221
5128
52969
16987
30980
51353
63084
28081
11164
4859
5523
21104
4487
49605
53677
3959
26316
39715
30221
38624
39915
25542
41509
36291
24062
36667
46650
18985
57658
1859
14762
56670
38263
3494
16085
9553
64989
52547
51375
15106
35393
48633
44404
18097
53051
28012
55899
48023
1754
10049
11702
59310
41749
15293
54598
31620
52231
32105
648
31806
59712
31826
3891
3227
47633
28285
35932
40024
26039
52658
55293
58150
3010
46199
20846
23082
61473
36398
8554
35687
26212
54505
65438
45615
62665
44579
47041
65191
12703
62791
18197
16472
7698
7022
20285
13645
4459
3626
3585
39455
22817
31076
61822
40740
19689
22110
61206
64623
32872
49390
33045
60084
17510
41225
40437
36895
33371
17710
24080
50331
46371
47866
32156
24797
54895
29053
4226
4860
38567
57189
32727
48673
10888
65197
32512
10586
60711
16448
5610
8660
837
14079
20609
23792
65524
41709
58718
50779
27813
41814
7403
41063
18859
15738
17696
24042
44469
57815
63858
29653
13639
12860
14798
8463
6796
10234
26681
23245
51069
5590
49288
30656
1163
7150
40493
59244
57608
5909
38682
39549
63411
21093
63599
23941
19031
62265
38944
48510
50424
38950
43652
32991
56172
45795
2582
1360
9791
29017
33941
264
35499
39752
4486
59448
32907
14460
33943
4060
40165
25859
63208
3671
59923
41747
5910
39469
23407
55611
55662
58569
45190
40687
5999
23438
2490
26040
63324
58257
44611
63944
38069
52766
29609
37198
13408
30664
62844
46704
9455
5094
16989
25829
46258
29609
14618
2309
18708
36831
7889
10592
4242
25462
58255
14199
21598
39965
35542
45705
16539
23089
26050
59251
28060
62226
21695
26839
50188
3458
15195
56082
51684
64978
2232
56626
38411
62009
3510
35538
38983
30687
6986
48036
29834
57041
59438
17121
59459
19544
43922
42511
22785
39777
57364
27820
13228
49663
881
3917
19222
27661
14098
62306
27532
64714
19769
54432
35422
60586
34609
29353
25766
2199
31586
17787
22831
20677
34170
23519
30997
55375
28038
45938
29510
3534
20278
4557
5456
30222
38854
32144
38051
46108
6484
22635
28218
12258
56538
16823
42914
18885
31826
72
23476
7913
52946
52873
26112
5021
11407
39825
57501
14415
16891
46159
16190
34667
21737
47957
18193
5927
43064
2039
741
37815
16504
47011
64211
31659
52450
38594
52603
52136
52080
54738
52180
54251
9095
39633
17170
59309
23690
14265
58080
58910
15805
25703
15355
7349
61949
60052
23074
4585
45538
5186
54602
48961
39096
24695
35653
35640
26059
17545
24850
48351
51356
58650
34730
29909
18152
32882
50006
30765
24261
23072
33464
5279
56652
44562
53563
60701
58968
25327
49687
60412
31338
37266
43476
63742
15932
24884
39502
52421
59725
44739
15383
1268
10368
39650
41402
46233
52991
15885
52061
31730
19068
24211
40020
45924
21606
15588
14018
5466
63084
46342
40591
59229
24645
60766
27169
46949
61710
30779
35887
20178
5665
19314
51417
12935
46380
14555
58879
4206
55399
35616
43063
17476
46653
34224
13237
11104
39850
8667
14683
5739
851
53829
11045
36695
1599
57385
8904
48838
52193
380
20210
22815
9040
46585
32179
833
9176
57491
4208
3109
39476
4623
15758
18856
27179
41136
47678
10816
51776
31662
24012
56588
2877
35442
39895
17238
12604
53915
21010
4834
41705
42112
64074
35346
55636
39870
64711
36248
17248
26249
28790
43887
34353
38350
61776
49861
64524
65494
11260
13234
53287
2584
45843
1249
60836
24206
39804
43935
25018
51986
12452
30282
47275
45986
9362
62361
46926
62859
22243
32910
54233
3930
33155
38116
16683
182
62844
13541
41715
43644
62252
36455
6026
48038
30720
14013
25483
58841
38090
33117
24183
39813
6624
40391
28272
47771
15955
57459
50062
30694
52622
54607
23212
13550
64996
31546
51814
36384
7724
31055
59953
13453
54874
2305
32500
41252
10525
4156
48851
13962
64318
564
19951
32632
40015
32753
58265
25555
63817
8816
40648
7723
1415
20966
23921
6733
2609
8911
50639
62777
30060
58547
26405
4289
57138
5647
47367
4938
53547
56821
59402
63931
29281
54069
9376
65034
34374
6932
52153
55276
23025
5078
44438
60598
18032
25458
50115
7518
45124
45949
64919
27215
1265
27115
12478
10259
23284
28965
56935
15679
5343
40036
62448
53340
30120
32039
5080
5013
62293
5074
24922
13272
38560
32938
38872
14020
9873
45927
55302
13175
61034
13149
6058
12724
20890
4666
13229
61858
57307
6371
31808
63271
22802
23677
32977
35808
30839
14300
50356
42974
1758
8452
2905
3914
51466
4364
9304
36081
33335
37090
51507
33304
49263
60636
37474
61372
50104
60494
25536
30559