16.104935
14.843460
18.897812
17.445389
18.373184
15.445694
13.513382
16.947952
15.432205
17.978210
18.033218
17.114487
18.169907
16.472916
17.134384
19.419785
17.249603
15.465515
16.736389
14.538727
14.125961
15.648438
16.243484
19.602081
16.820694
14.612198
16.312195
15.234024
16.617706
15.835419
17.466644
14.176636
15.237152
15.346497
15.541565
17.850067
13.647964
13.447708
16.611160
17.292526
17.328720
15.600861
15.136719
15.026291
15.360260
15.943817
17.640396
15.956619
15.955170
16.313385
16.918411
14.982529
13.810181
12.986343
13.293503
17.645538
17.059937
15.442551
16.595139
14.435074
15.792084
16.958664
17.075790
17.564056
15.930725
15.230148
16.087250
17.214111
15.131012
14.413284
13.758667
18.485428
15.187653
17.928299
16.560257
18.137070
16.636047
16.474442
17.161514
17.532318
15.529327
14.761078
15.734329
14.398987
13.128174
15.754318
16.812119
17.667450
14.871185
15.605331
15.760803
15.144485
16.415833
15.289673
16.393768
12.201584
14.242096
13.884506
15.375977
16.292847
12.513306
12.938263
15.737686
16.687271
14.661453
14.799026
16.107834
14.518311
15.127579
15.618912
16.295685
14.836380
15.460632
16.008011
13.974640
14.905075
12.038971
14.417191
13.309647
15.134033
14.823532
15.276260
15.464005
14.541794
15.835236
15.072540
14.881897
17.123642
15.689026
15.193634
16.615601
15.483536
17.068970
14.562958
13.386230
18.263351
15.908478
17.570190
17.737823
17.882446
15.827469
16.880005
15.357498
17.573441
14.736404
15.090637
15.492859
14.741974
15.091492
15.330368
15.865921
19.494308
14.830399
13.968445
15.692093
14.441574
16.611633
15.098160
16.706772
14.378220
14.813110
14.905853
14.360870
16.283661
11.153427
14.498047
16.225052
15.347519
14.955505
15.764954
16.975983
15.980194
14.524399
15.175217
15.565277
16.621002
16.293213
15.909027
16.574738
13.863449
13.248459
13.015350
14.403427
16.488770
18.314911
13.459961
14.161987
12.715225
16.734833
16.976471
16.513367
17.229706
16.483505
16.111115
17.076416
19.081924
17.253830
15.823364
14.679886
18.108521
17.933670
18.149872
17.416519
17.856613
17.400986
16.061340
16.329010
18.798889
15.556198
15.687927
17.280807
15.230713
14.176682
15.902969
16.618820
18.875793
16.327728
14.744492
16.567703
15.978500
18.449646
16.637634
18.201614
13.343536
14.537582
16.253326
15.598297
17.781586
14.007111
14.429199
16.142242
16.451233
16.124878
16.946884
18.243256
16.189957
15.541977
16.651871
16.357605
15.967422
17.204071
16.199600
17.003601
15.771133
14.168457
13.721268
13.367172
17.132828
16.932602
15.861664
16.305115
14.237579
15.641205
17.443420
16.045792
16.956100
13.822342
13.180664
13.934219
15.777328
13.895676
13.668350
12.250656
14.610931
14.176483
16.013077
14.895538
16.524765
14.683975
14.180725
13.798767
16.161331
13.708359
14.585388
14.880829
13.508850
11.528885
13.948242
14.193848
15.786407
14.375168
11.820023
14.874313
14.349136
13.921860
14.866837
15.712204
11.334045
11.637421
13.729630
11.927658
15.517014
11.863113
11.513123
14.443802
14.722672
15.323242
13.163483
15.417831
13.080460
13.228241
14.264603
14.420151
13.422714
14.987167
13.713608
13.941650
13.539978
11.175598
12.698883
11.714874
13.843613
15.302994
13.684708
13.910797
12.778030
12.641296
14.410263
15.235794
14.324844
17.889359
16.885330
18.737015
18.689972
18.780731
17.516052
15.050980
20.608536
18.305832
22.261795
19.666565
19.670685
18.521851
19.339783
18.511429
18.968887
18.340714
17.420212
18.740799
15.287170
15.711258
18.792877
18.834457
20.474426
18.033447
17.632706
17.226624
17.085815
19.123398
17.474915
20.197571
15.684143
17.132385
17.214951
16.903564
19.712585
15.701263
15.972580
18.668045
18.452911
18.596985
18.143280
17.068878
18.692200
17.026627
18.053894
18.311020
17.244019
18.198257
18.701645
18.546997
17.060867
15.799438
16.136536
14.763809
20.152649
17.514740
16.816925
16.854919
16.632355
17.797424
19.099335
18.205948
18.983185
16.711319
16.205688
16.496628
17.079575
18.286301
14.085403
14.090652
19.016708
16.885788
18.722672
16.803986
16.864899
16.617706
17.104630
16.455368
17.533188
15.755142
14.719650
17.104965
14.632477
14.221024
14.696289
15.787094
19.619019
17.121475
14.187332
17.798157
14.933151
17.363632
15.670776
16.359344
13.827072
15.077744
15.654358
14.527542
17.323624
12.448883
15.109940
17.524185
16.134338
15.496292
15.614090
15.859726
15.505920
14.723572
16.335495
17.642822
16.306610
15.748749
16.121216
16.461014
14.445847
15.155624
14.180847
13.409958
16.935287
15.788254
14.963928
15.205063
13.424530
16.707504
16.368256
16.061920
17.039978
14.007477
13.827255
15.457901
17.114166
15.907333
12.913681
13.078247
17.217529
14.097565
17.398834
15.951477
17.232010
15.005585
15.449936
15.292297
17.883148
15.725449
13.530106
15.977158
13.769485
12.552032
16.072525
14.965057
16.372131
16.314972
12.879059
15.988205
14.221527
16.644745
14.712585
15.994629
12.170105
13.869247
14.256546
13.493042
16.539520
12.377655
13.910751
16.110825
15.793060
16.355591
14.391937
15.021698
13.029297
13.976563
14.733627
15.760986
14.559723
16.021286
14.882187
15.071289
14.954391
13.598572
11.919403
11.967300
15.779434
13.503311
15.785751
15.269241
13.344177
14.831879
14.883484
15.971573
16.378082
17.011108
17.548431
18.600815
19.242920
18.061157
15.827942
15.253510
19.104782
16.415039
19.375687
18.341141
18.732574
17.373413
16.349258
18.427582
19.783051
17.769852
16.165253
17.572083
16.798767
14.454697
16.846298
16.828735
20.522308
17.893982
15.488174
16.518417
16.895721
18.583145
16.586426
17.132019
15.340454
15.978348
16.498062
16.376251
18.124695
14.326294
14.690796
16.962875
18.722626
16.728302
18.322433
18.177002
17.248184
15.356400
17.828720
16.135406
17.396606
16.969101
17.426575
17.432953
16.187988
14.741974
13.782074
14.406113
17.821594
18.404221
16.276901
16.050812
13.586487
16.347931
18.522614
16.626602
19.262222
14.646133
14.102280
16.972351
16.353607
15.369385
14.966141
12.391479
16.877609
14.229187
17.539780
17.221893
16.991943
16.593811
17.040909
16.016632
17.557678
14.829742
15.008652
14.546341
13.592133
14.247589
17.302292
15.841217
17.970825
15.186798
14.414658
14.721802
14.407928
15.280960
14.067764
16.972336
13.356461
14.574097
14.934204
15.256775
16.464661
13.084229
11.767654
15.829865
16.380859
15.509644
14.384949
14.537460
15.543884
14.301620
14.464676
14.353363
14.731049
14.953278
14.469482
16.441772
14.943268
13.266724
13.431946
12.479080
16.676849
16.366211
15.025024
14.572647
14.955795
15.585938
15.055084
15.188309
16.897202
16.520248
16.022110
19.062469
19.042389
17.483795
16.042984
13.956421
19.874802
17.514954
20.692230
18.748276
20.175156
18.389114
17.037064
18.808273
19.003098
16.194016
16.365738
17.219437
15.058884
14.804260
16.943924
17.515274
20.776260
17.690460
17.689285
16.720825
16.949799
19.449173
18.312881
19.983551
14.655670
16.981125
16.585861
15.549347
16.677490
16.023300
15.596115
17.804504
18.757935
17.533524
17.475494
18.056808
16.819321
16.561066
18.043716
17.729263
16.170303
18.119522
17.188004
17.475616
16.986954
14.464752
14.340012
14.598740
18.025482
16.362213
16.355469
16.858963
16.397018
16.535995
18.343414
16.657547
18.540268
14.729309
15.483261
16.964676
18.228592
17.537735
15.794128
14.072693
17.562668
15.409485
18.111267
17.072525
17.788620
17.274460
16.957611
14.755676
16.901230
16.287155
15.658173
15.857971
14.312103
13.461487
15.962845
17.283432
17.830780
16.426117
13.082291
16.265808
15.965347
17.469360
15.941116
17.553970
13.282593
13.785370
14.330521
15.230377
16.840195
14.784515
14.600647
16.478790
16.634613
17.101074
16.035980
17.070679
16.665863
16.447067
15.142456
14.883438
14.910797
16.774612
16.093796
15.745331
15.158020
13.177124
13.741257
15.208740
18.485031
15.969818
15.918472
15.125275
15.435257
15.180481
17.172516
16.855759
17.799057
15.635376
14.966812
15.797073
16.712494
17.176254
13.885941
13.700638
18.061447
16.533249
17.918915
17.262161
17.909775
16.268051
15.403336
15.664124
17.639633
16.026428
15.189102
15.735016
13.848831
12.899124
14.530945
15.278671
19.113525
15.904968
12.278351
16.640793
15.588104
16.598145
15.824356
16.362579
13.916519
13.608887
15.364426
14.843948
16.365158
13.321869
14.894180
16.471390
17.422485
15.305634
15.272308
15.938217
15.304169
14.530182
17.087296
15.005219
15.225250
15.089371
14.980118
15.296371
13.926086
13.207581
13.382828
13.977188
16.591171
15.128342
15.494370
15.393387
13.315918
15.917587
15.500519
15.815063
17.113617
13.844131
12.135284
14.364868
14.658218
15.136230
12.930206
11.376190
15.938766
13.275253
16.543259
15.381058
15.522003
15.051682
14.602844
14.249893
15.648071
12.794449
13.591507
13.674454
12.367386
12.579208
14.103745
13.473526
15.255310
13.029419
12.675354
14.243225
12.267395
15.046585
13.802643
15.103943
12.954742
13.130341
12.724976
12.521286
13.786163
10.862289
12.989334
13.472443
14.959045
13.824677
13.877335
13.698242
11.361038
14.433136
14.351791
13.568863
14.421143
13.468674
13.141754
14.291840
12.791473
12.521118
11.712326
11.582932
13.193115
13.257797
13.189163
13.639893
12.443512
13.433273
15.515839
12.655807
14.578339
13.401871
12.735199
15.388733
15.726395
15.476578
13.713440
12.447723
16.406631
13.198059
16.852173
15.198776
17.056015
14.771881
14.973953
14.114716
16.408508
14.267349
13.508774
15.462265
12.092316
13.437500
15.866104
14.545914
15.948730
14.174591
12.760361
14.225571
12.558960
14.721100
14.348480
16.832748
12.485825
12.102463
14.096390
14.682144
16.039673
12.861099
12.752335
14.796402
15.482498
14.837357
13.432083
14.396591
14.987244
12.878220
14.264404
13.524353
13.389389
14.427872
13.357620
14.857788
14.813187
12.443787
12.285568
11.826096
16.110016
14.995544
15.100769
13.203445
14.118256
14.585892
14.679535
14.442551
15.396713
17.709702
15.492172
18.635986
19.093246
18.829422
15.384415
15.299545
19.523849
16.831573
20.653519
18.697128
19.008423
18.253403
17.197983
17.341537
19.663422
17.661118
15.274155
17.575592
16.512924
15.126663
17.541595
17.813049
18.763794
18.021576
14.739304
16.287827
16.448608
17.966278
16.214386
18.171265
14.685883
15.891388
16.848297
16.160339
17.302780
14.427261
13.792694
17.411423
19.283203
16.632874
16.177368
16.827881
16.979355
14.809830
17.444305
16.002594
16.173828
16.634888
16.221130
17.401886
16.306686
14.067703
13.933517
13.699539
17.301453
16.580246
16.946472
16.632629
14.074387
16.638336
17.550186
16.224442
18.692505
17.458786
16.264008
18.954514
20.136276
19.697342
16.465073
15.074448
21.006653
17.595963
21.843567
20.771896
20.338669
20.776657
19.275589
18.602798
21.217682
17.877975
17.602112
18.561859
16.905167
16.466949
18.715866
18.663666
21.811951
17.977127
15.866058
18.773895
16.584366
20.063980
19.117004
20.445099
16.120255
16.718079
17.928589
17.270355
19.865356
14.959045
17.078766
18.945496
18.696899
19.227646
16.806015
18.314148
17.414703
18.787827
18.041794
19.700409
18.936264
19.001160
18.114197
19.613419
17.775116
15.619247
16.056244
15.751587
20.168259
18.695724
18.594482
17.385040
17.323517
18.577255
19.551575
18.081833
19.560242
16.968063
15.818954
17.898956
18.135284
16.929306
16.179962
13.978073
19.188843
16.430054
18.133255
17.710266
19.149399
18.609070
16.560120
15.842331
19.271332
17.524078
15.513107
16.454239
14.926422
15.602966
16.562988
16.893539
18.888702
16.909821
12.900391
17.112381
16.477234
17.581467
16.290131
18.016006
14.298660
14.072540
16.020599
15.855148
16.980377
14.562561
14.411179
16.120544
18.105545
17.022095
15.630096
17.796692
15.915054
15.640869
17.476669
16.518906
15.567368
16.045410
16.603470
16.874390
15.364716
13.739456
14.366058
13.642761
18.955200
17.406082
16.515106
15.374146
14.772781
16.601364
16.888153
16.025803
18.036697
16.753693
16.494934
19.039322
18.852570
18.737854
16.083786
14.565598
19.045639
16.763275
19.822693
17.583069
19.094818
17.586182
16.838486
18.369675
19.791153
17.416046
17.374939
17.975204
15.987244
15.135681
17.461990
17.219742
19.777100
17.854462
15.267090
18.750214
18.315323
18.160736
17.500931
18.340698
15.366104
16.430420
16.467880
16.614349
17.919556
15.904984
15.669113
17.960281
18.351379
19.160583
18.412323
18.011932
17.418869
15.761673
18.121490
17.576508
16.970627
19.226395
18.546005
17.785721
16.476410
14.883347
15.031403
14.976791
18.782959
17.908661
16.874039
16.218124
15.941727
17.205154
18.625900
16.414032
18.232407
14.819534
14.394028
17.227676
18.063477
17.382431
14.716766
14.299530
17.770065
14.415176
17.421036
17.462509
18.099060
17.216080
16.627945
16.016327
18.700516
16.325012
16.501907
16.369308
14.905350
14.605637
16.833359
16.483978
17.430145
16.053543
14.470108
15.406204
15.420197
16.076492
14.405334
16.204056
13.122757
15.194153
14.980011
14.900024
16.226791
13.185303
13.383591
16.252213
16.486313
17.297409
16.174301
17.116043
15.789551
15.294342
16.458969
16.530502
16.938889
16.251007
16.379684
15.581009
14.683121
13.190216
14.403992
13.154526
16.597046
16.044128
15.887848
15.088577
14.523331
15.751572
17.110886
15.322250
18.346695
16.272873
16.691162
18.699814
17.372910
18.236771
15.677872
14.768829
18.194611
16.233932
18.610443
17.549927
18.966156
16.617676
17.979584
17.317886
18.062958
16.746658
15.715439
16.612869
15.260071
14.790436
17.939713
16.532059
18.555908
16.995010
14.510147
15.961258
14.916534
17.249100
16.189346
17.481155
14.364746
15.257294
15.423431
15.857910
16.309433
13.927002
13.733673
16.713852
17.135590
17.136063
16.583328
16.854095
16.912750
15.757401
16.137924
16.501938
16.313660
16.378754
16.245575
17.028671
16.606201
14.375046
13.040695
14.225479
18.342331
17.488953
17.194748
15.333191
14.861725
16.334747
17.722610
17.487091
18.997116
16.248901
15.342957
17.137299
16.935318
17.371521
14.997086
13.880936
19.164764
16.462402
17.645157
16.385162
18.381607
17.491699
17.718826
16.795944
17.893494
15.270752
15.847214
16.244461
15.067047
14.028152
17.251785
17.132294
18.822708
17.042404
13.882095
17.814178
15.733261
16.384048
16.002350
17.166046
14.317474
16.869400
16.312378
15.465179
17.074005
13.217422
15.064713
18.267776
18.442459
17.813385
16.023163
17.908844
16.115387
14.217026
16.790451
16.622955
15.845123
17.028152
17.241501
16.063889
15.907181
14.247559
13.960052
14.505859
17.498093
16.347046
17.136597
16.135330
15.134598
17.330627
17.218582
17.570740
17.730789
16.750046
17.055634
21.293457
19.783920
18.982437
17.798355
15.418472
19.522751
16.852722
20.479309
20.724075
19.875992
19.066360
18.148483
18.958420
20.555862
17.145691
17.206497
16.320557
15.893127
15.054169
17.601379
19.331589
21.877335
17.244186
15.937805
17.245392
16.138931
19.293396
18.147446
18.510254
15.420609
16.294281
16.776993
17.334656
18.624741
15.418243
15.706573
17.573257
19.516022
17.859299
18.740234
19.711731
16.672501
17.779861
18.053467
17.623077
17.891388
17.987915
18.234451
17.876633
16.855515
14.486343
14.745316
15.612152
19.563385
18.289825
17.627319
16.988495
15.602203
16.684738
19.931549
17.750015
19.566116
15.291550
15.215576
17.340790
16.665787
15.671692
15.906708
12.242294
15.810898
15.435318
17.004211
17.654327
18.038803
16.773071
16.401505
15.847610
18.791595
16.294922
15.413208
15.277405
15.715210
13.787720
15.862015
15.458191
19.113358
15.817032
13.260239
16.292374
15.881607
16.274567
15.374496
16.446320
13.790771
13.244354
15.239456
15.207016
15.748749
13.794281
12.036224
16.388718
15.596634
14.972153
14.138504
16.062378
14.291290
14.991898
16.304550
15.233063
14.681274
14.463913
14.440231
15.424393
14.459915
12.418594
14.064072
12.899414
14.870560
16.290558
14.386917
14.929199
13.762360
14.568542
16.370056
14.699387
17.166260
15.649841
15.706985
17.890182
18.118073
17.036987
16.136826
14.595993
18.979492
15.540939
18.508484
17.393250
19.149033
17.974976
17.011780
16.287338
18.400238
15.561646
15.848709
15.806549
13.889084
13.220825
17.145660
16.024002
18.055496
16.828629
14.174210
16.881195
15.311829
18.192139
16.111725
18.375763
13.568512
13.923508
15.253235
15.096878
17.709961
13.400040
12.438766
16.507889
17.590591
16.778198
15.381073
17.266510
15.755005
16.035095
16.978638
16.511673
14.977875
16.169434
15.634384
16.634308
15.912323
13.819168
13.725632
13.036377
17.439560
16.983154
16.678223
16.198456
14.275436
15.636581
15.265320
15.705582
16.782516
15.285110
15.476730
16.145782
18.763062
18.117310
16.170181
13.756088
18.993393
16.746231
18.943558
17.091614
18.663788
15.933167
17.126495
16.855255
18.999954
16.629044
16.480698
18.013550
15.315567
14.330780
16.531860
15.662064
19.963089
15.726242
15.524094
17.605331
15.869583
18.319641
15.654877
18.175720
14.200470
15.814545
16.162842
15.569839
17.840775
14.152176
15.981186
17.838058
17.125244
17.775330
17.190781
17.552017
15.283707
15.705780
17.254837
16.669586
17.230911
17.380341
16.477707
17.636276
14.423370
15.246674
14.676590
13.606415
17.401367
16.644287
15.492294
16.031845
14.703629
16.971619
18.597351
16.843475
17.771164
15.964005
14.193146
17.654755
18.303696
17.121872
15.067139
14.418686
18.885620
15.671295
19.856003
17.478836
18.623123
17.149185
16.445999
17.590134
17.545029
14.776077
15.466934
16.694687
14.813324
14.028381
16.263138
16.689026
18.194122
16.877777
15.458328
15.243179
15.024628
17.637848
15.915680
18.736557
14.427933
15.410690
15.281281
14.628326
16.487915
13.851486
13.990601
16.441681
16.993576
16.481674
16.146805
16.053009
15.832321
15.225128
16.087097
16.177841
15.694016
16.181107
16.617935
16.836472
16.664948
13.994080
12.683884
12.929398
17.399704
15.732101
16.460449
15.477005
14.108185
15.801056
17.785797
16.535812
17.105042
13.166885
13.191910
15.448441
15.857285
14.876770
14.016251
12.061142
15.998825
13.337784
16.459732
15.319717
16.756332
14.822678
14.711288
13.586731
15.099838
13.644608
14.162750
13.911865
12.115891
11.964554
13.005051
14.132614
15.033890
14.357361
12.865112
12.769028
13.098480
14.932388
14.810165
15.407745
11.350113
13.211365
13.038696
13.073624
15.612946
11.811584
12.827423
13.909912
15.464676
15.024292
12.816879
15.445862
13.487350
12.883026
14.415176
13.221710
12.680389
13.012238
13.729538
13.007568
14.535446
11.712448
13.301971
12.371689
15.353546
14.010056
13.276154
14.303833
13.288895
14.071640
14.989395
13.801178
15.187485
13.788879
13.568893
15.288635
15.577393
15.270950
14.388245
11.963623
16.649506
13.673203
17.006592
15.448486
17.270721
16.175613
15.923645
15.900558
16.483521
14.334152
14.329391
14.400894
13.001678
13.040329
14.700500
13.661682
16.148666
15.082230
14.525513
14.302139
13.725723
15.845108
14.214630
16.608032
14.149475
13.955170
14.462891
14.275269
15.702209
13.137589
13.883133
15.266357
15.293930
15.550293
15.011368
14.784653
15.004684
14.712646
15.409546
15.248672
14.263748
15.700897
15.189774
14.785736
14.310364
12.692749
12.689255
12.518967
16.008118
14.457657
14.448441
13.541595
14.181091
14.304962
15.527359
14.327332
15.001389
13.835678
13.225052
15.322327
16.374603
15.518570
13.137650
13.407394
15.892197
14.523163
15.579071
16.316452
16.074280
16.066513
15.129791
14.749405
16.083420
14.106689
13.347092
15.459991
13.265717
11.985687
13.864685
14.807144
16.191910
14.988113
13.360596
14.184143
13.956421
16.315491
13.568314
14.398605
11.944733
13.824371
13.415359
13.419205
14.873032
11.860855
12.541687
14.444214
14.034744
15.268936
15.431931
15.387680
12.819992
13.859695
14.998032
15.307465
15.417862
14.662308
14.527283
14.716217
13.433640
12.956009
12.441895
11.931610
14.565567
14.022522
13.395920
14.068436
12.264023
13.919418
15.456131
14.989380
17.305374
15.535751
15.795776
17.553391
20.138550
17.714584
16.630432
15.487244
18.077179
15.598984
19.067215
17.780869
18.924362
16.544098
18.529510
16.828598
18.795486
16.836761
15.742859
17.464188
16.051407
14.371933
17.155762
17.042175
18.446793
16.822723
15.199921
17.576553
15.470367
18.176758
16.338760
18.408493
12.785706
14.830704
16.562668
16.371613
16.292145
14.770172
15.086060
16.673370
18.443741
16.773926
17.101028
18.363525
15.786179
17.095398
17.448120
16.008957
17.211899
16.985550
16.362167
16.364990
16.148117
14.083496
14.871216
12.778900
17.274185
15.935410
17.616486
16.637100
15.307083
16.579636
19.306885
16.390488
19.712112
15.276382
14.536896
14.767761
17.325256
15.992218
14.245651
12.279282
17.023010
14.561478
17.300278
15.657333
16.146439
15.178207
15.522675
14.616043
16.892654
15.547577
14.342346
16.058578
15.496887
12.773941
15.162186
15.352585
16.648941
15.243942
12.656494
16.615997
16.135437
16.408676
15.044327
15.503067
12.839005
13.325043
13.540878
14.283340
15.558350
12.921005
13.530167
15.402145
16.168747
15.289154
14.193268
15.037674
13.808075
15.077179
15.018280
14.452026
14.201660
15.666321
14.737000
15.519897
14.094101
13.638245
13.004013
12.846802
15.675659
14.111465
14.941833
14.256500
13.523956
14.273132
15.954346
14.383026
16.511307
14.377106
13.573715
16.492783
16.037247
15.916580
13.733246
13.529755
17.943695
14.196548
18.253952
16.473694
17.184311
15.295715
15.410263
16.033585
16.465378
16.354843
14.193802
15.586334
14.243378
13.255554
16.518295
15.370926
18.468842
15.305756
14.517578
15.043045
13.865341
16.383743
13.984146
16.009125
14.070511
14.384567
15.019272
14.627258
15.599854
12.027740
13.214050
16.644608
16.499313
16.615753
15.516510
14.976837
14.742386
13.909149
15.628036
15.917755
14.858017
16.488556
15.751175
15.803864
13.708527
13.385880
11.965775
12.705032
16.059982
14.926788
14.721725
13.753448
13.118393
15.876572
15.740189
16.169144
17.684677
16.232452
15.901459
17.804855
19.232483
18.237869
16.054672
15.836288
19.935516
16.190582
20.330673
19.430664
19.143173
17.350174
18.211288
17.582123
18.596817
16.628159
15.895828
17.322342
15.716599
14.904205
17.578995
17.505676
20.035751
17.294662
15.074738
18.405975
15.817917
18.034012
16.937561
18.951996
14.444916
16.731644
16.586792
17.133575
17.426559
14.762711
15.302185
17.767700
20.728470
17.549683
18.730606
17.178619
17.003204
16.700119
18.586288
15.923004
17.183746
16.267044
17.399216
16.124084
17.733215
13.857880
14.696884
14.843811
17.331299
18.498077
17.462433
18.367477
15.574783
17.609055
18.121140
17.315399
18.670807
16.628952
17.144791
18.366135
17.986755
16.993805
15.922165
14.808044
18.902664
16.393173
19.551712
18.297882
19.526550
18.064835
17.824570
17.658737
19.474426
17.573929
15.709824
16.067780
15.011551
14.766586
16.850708
17.547516
19.203934
16.519257
16.262482
16.475601
17.063156
18.506134
17.330551
18.132004
14.062653
14.874680
15.003632
15.469818
17.238342
14.119095
14.855789
16.581787
16.884827
16.990997
16.566635
18.141434
16.330139
16.696243
16.632584
17.899826
15.971008
17.800476
17.512115
16.290329
15.170456
13.454605
13.913132
15.501572
18.957581
16.031647
15.588165
15.489044
16.085144
16.192963
16.541733
16.191238
18.672195
14.290955
13.971054
16.321564
16.156189
16.818283
14.810501
13.093384
16.099380
14.508026
17.208771
16.764175
15.863449
16.190277
15.854340
15.295242
16.586807
13.769989
13.202621
15.038544
13.670624
12.084366
14.464066
14.691711
18.766861
14.858734
14.509430
15.163132
14.239883
16.468216
15.336761
16.672348
13.382187
14.463913
14.108627
14.409744
16.148148
12.197174
13.451553
14.684601
16.124130
14.310501
15.579544
14.584564
14.788086
14.475632
15.700699
14.466263
14.939560
14.396652
14.625778
16.189468
14.673264
13.004028
12.205200
13.430557
15.415421
15.721603
12.733963
15.522217
12.840439
14.705811
15.659485
14.852753
15.764526
15.457504
14.472351
16.292343
17.133011
15.621994
14.470291
12.406967
18.187286
14.421173
17.896332
16.099365
17.699280
15.110855
14.917038
15.509399
17.508682
14.247223
13.415939
15.652786
14.434341
12.766037
13.622528
14.456467
18.544968
16.600601
12.986465
14.886566
14.494843
17.033051
15.901337
17.065247
13.242432
14.421555
14.524017
13.843246
15.635376
12.937347
12.854553
16.176025
16.256668
15.129333
14.102264
15.554688
14.599228
13.716797
15.356049
15.400864
13.393845
14.952957
13.868408
15.107208
14.976303
13.655701
11.285538
11.726257
14.895401
15.028458
14.969833
14.629532
12.699509
13.914948
16.165466
15.079971
16.009308
15.937866
14.417770
16.475143
16.979858
15.932098
14.730423
13.234238
17.141678
14.089447
17.892685
17.041656
18.704315
16.401047
15.985672
17.156158
18.316132
14.728592
14.020828
16.589645
14.223404
12.360718
14.516846
16.290695
19.199509
15.897125
14.754715
15.540512
14.624771
17.185745
15.783630
16.994141
14.063629
14.400604
15.379898
15.332230
15.536163
13.085144
13.589706
16.241714
17.866028
15.706039
16.164413
15.873413
14.656769
15.007629
16.252777
15.524536
14.757462
15.562012
15.119308
15.199905
14.760559
13.194458
13.593582
12.781143
15.475067
15.526596
14.573410
14.365341
14.473480
15.186707
16.512573
14.878342
16.620438
19.321808
18.140396
21.610779
19.785309
20.494308
17.256454
16.300201
20.726486
18.380569
20.917404
21.014023
20.368637
20.167618
19.823517
20.507309
20.957169
18.798447
18.288727
18.030411
17.706055
16.982819
20.012634
19.747879
22.224838
19.684967
16.093384
18.425568
18.168442
19.524338
18.788193
19.740265
17.345764
17.659286
17.692032
17.606232
20.038330
16.342300
16.115219
18.614517
20.412262
19.733124
18.640137
19.617661
19.189972
17.797958
18.622192
19.585129
18.357239
18.951340
18.470749
19.703278
19.263672
14.584259
14.870697
16.342270
19.932831
19.729996
19.093124
18.339233
17.177780
18.947144
19.606186
18.974609
20.101913
15.287491
16.402420
16.473801
17.342163
16.165115
16.973053
13.705093
16.368866
14.582214
17.520111
16.247482
17.926331
16.491791
17.391525
15.806885
16.760574
16.214996
15.336746
16.376083
14.452942
12.455261
15.103226
15.484314
17.533035
15.886917
15.051895
16.169998
16.176575
17.639420
15.608063
17.435333
13.120712
13.183456
15.510056
16.811142
16.489578
14.119476
13.920563
15.576950
16.966141
15.955322
15.600861
15.136887
15.537201
16.815231
16.753082
14.059341
14.718872
15.968033
15.243179
15.919067
14.045456
15.114273
15.005402
13.071976
17.411682
15.821060
14.886673
15.579895
14.550339
15.013916
17.060837
16.221527
17.619888
18.091370
18.262711
19.961655
19.668961
18.821091
16.479080
15.600586
21.647934
19.421570
20.828156
19.687958
20.757111
19.236420
19.292694
18.462723
19.346008
18.633453
17.209778
18.415695
16.906326
15.046600
18.660370
19.345306
20.925735
19.170120
15.708084
19.535431
17.871399
19.924072
18.697311
19.662201
14.980057
15.962433
17.546005
17.001144
18.455734
14.945145
16.970383
18.535583
20.033951
17.517776
17.493286
19.528946
16.349869
18.682190
18.359741
19.077728
17.517014
18.603912
18.665192
17.208908
17.191696
15.021881
15.856003
16.240387
18.925735
17.542160
18.693054
18.363312
16.662491
18.049423
19.240845
18.490540
20.317001
15.987869
14.849869
18.138657
19.226486
16.678284
15.630386
14.526215
19.425201
16.845306
19.222931
19.369034
18.605072
17.674469
17.584061
18.042831
18.313126
16.377716
16.221161
16.446945
15.588745
15.036194
17.477264
17.246735
19.537155
17.196671
15.424850
17.169403
17.051376
17.103012
17.171173
17.631607
15.300598
15.542343
15.284393
14.820770
17.010071
14.725311
14.821136
16.215286
18.359528
17.642700
16.965256
18.246811
15.889633
15.975800
16.791565
18.042419
17.813995
16.949142
16.697113
15.939316
16.470657
13.869400
14.415497
15.081299
17.587372
15.567413
16.297104
16.693268
15.550034
16.544998
19.174881
15.715485
19.387100
14.986526
14.025864
17.302979
17.940872
16.394516
14.197891
13.762695
17.761368
15.107666
17.224869
15.492554
17.102859
16.701904
15.320572
16.019043
18.108002
13.935806
13.792511
15.619659
13.532288
14.170746
16.262009
16.515900
18.910294
16.139069
14.332230
16.654160
14.280670
16.455963
14.985519
17.067734
13.361328
14.266418
15.556335
14.175842
16.558273
13.318329
14.026428
15.893936
16.621216
15.250824
16.748199
17.174545
14.335007
13.919769
14.926544
14.911392
15.248642
16.047546
15.695953
15.983765
15.289719
13.438705
13.135132
13.293228
15.846481
16.113647
15.303848
14.354080
14.006897
15.479462
17.227203
15.932861
16.613403
14.544403
14.776291
15.607864
17.479141
14.980957
14.030151
12.567093
17.278687
15.613235
16.444672
15.910812
16.877060
16.276581
15.628632
14.743271
17.760956
14.600876
15.098633
16.284027
12.709641
13.842316
15.715836
15.817932
16.885651
14.791931
13.926285
15.185760
13.810806
15.864990
14.033417
15.460495
11.845062
13.693863
13.582703
13.236603
15.497147
12.900284
12.294159
14.738327
14.995453
15.590500
14.901230
16.262268
13.337524
13.376709
14.478134
15.028519
15.789017
14.698929
14.519012
15.072449
14.187393
13.755310
12.984344
12.873642
15.513718
14.306030
14.118927
14.739029
12.923676
15.424255
15.936813
15.411667
17.150040
16.207870
15.804672
18.107651
18.513550
18.915817
16.214294
13.947845
18.778702
16.606110
20.074615
18.996445
17.237030
17.944931
17.263260
17.647415
19.978806
16.117935
16.305389
17.809326
15.594193
14.347290
16.557571
16.609177
20.920135
16.977097
14.943771
18.858597
17.270706
18.496323
17.202194
18.705475
15.391510
15.677612
16.795273
16.244171
17.083359
14.316879
15.924911
18.321060
19.017502
18.013794
17.050400
16.765091
15.329468
16.622681
17.520782
16.594681
17.091690
17.578598
16.496643
17.661697
14.656189
15.384766
14.714767
15.093430
16.990875
16.811050
15.779846
16.994812
14.458405
16.672943
18.261108
15.401825
17.364014
16.368530
16.615112
18.823547
18.717514
18.210373
16.639069
15.283356
18.300827
17.003204
18.470245
18.469360
19.215302
16.698273
16.300964
16.857635
18.053665
16.393768
16.991989
16.784637
15.629150
14.158157
16.377243
17.264267
19.119644
15.970169
14.923233
16.799057
17.717545
17.247269
17.117981
18.860748
13.564484
16.268448
16.899384
16.511627
17.747864
15.429382
15.780807
16.044281
18.135788
17.054886
16.724670
17.852127
16.760651
15.952164
17.350220
14.072159
16.328125
16.839584
16.216034
16.256531
15.694778
15.194687
15.084320
14.081421
18.333893
17.344666
15.364761
16.853729
16.121399
15.997818
19.390503
16.373505
19.507980
13.979980
13.598984
14.291885
16.210129
14.679810
12.741943
12.912262
16.916260
13.675385
17.531906
16.718094
16.425873
15.191956
16.364212
15.982498
16.404694
15.258652
13.977371
13.636307
13.803711
12.726471
15.919128
15.342041
16.819641
14.299866
14.069321
14.493439
13.165665
15.184448
14.666077
15.935974
12.570755
14.046967
14.245361
13.734421
15.273407
12.262039
13.122406
15.247330
16.678345
15.364777
14.949280
14.764801
14.876755
14.337494
13.932983
14.656097
14.541763
15.042175
15.136841
14.314148
14.896057
12.351288
11.726578
12.628479
15.614990
15.014175
14.506592
14.106812
14.422287
15.285904
15.658386
14.338470
16.636566
18.675018
17.917358
19.506927
20.164307
18.872757
17.645264
16.806244
22.317032
18.632706
21.769730
19.593536
22.345718
19.648926
19.103302
19.480743
21.026398
19.576859
17.246170
20.020142
17.293884
16.896530
19.008209
19.145905
20.827896
19.265579
16.469269
18.447556
17.235291
21.159943
17.556870
21.498550
16.813034
16.316772
19.406479
17.974182
19.781021
15.523285
16.730438
18.663315
20.287384
19.438080
19.154297
19.411026
18.015060
17.519348
19.280167
17.874115
17.531631
19.160217
19.154449
18.516678
17.395996
16.394806
15.031082
15.116455
20.421494
19.318314
19.466583
17.082565
15.990829
19.000656
20.013901
19.293716
19.662750
15.347549
15.419525
18.108078
16.616470
17.227783
15.960938
13.461517
18.597076
16.340576
18.109161
16.155411
18.673126
17.147461
17.033829
16.694107
17.797256
15.882675
14.912109
14.790375
14.793442
14.586609
15.107651
15.577744
19.197647
16.983231
15.040833
17.576340
16.391220
16.496918
16.595261
18.306259
14.488190
15.604294
14.585205
15.617996
16.522720
14.810471
14.354996
17.028961
18.190781
16.242493
15.989532
16.917999
16.414856
15.065643
17.380722
15.830032
14.578018
17.238770
16.698105
15.621780
15.919922
13.074371
12.763641
14.081848
17.730682
16.060608
15.424484
15.685944
15.399689
15.896133
16.915085
16.770584
18.030533
17.529144
16.921936
18.225113
19.316147
18.877380
15.923508
14.386383
20.921524
16.536530
19.525894
18.764984
19.555420
18.807190
17.339157
17.953232
21.162079
17.258667
16.106812
17.971268
14.776016
15.575348
17.158859
18.191360
22.067459
17.269348
16.028091
18.638153
16.420563
18.950974
15.808044
19.571884
15.948471
17.195068
17.885849
16.381943
18.025009
14.259247
17.248154
18.876266
19.289047
18.523834
17.403305
17.871597
16.922256
15.952332
17.942123
18.031601
17.131363
17.106049
16.879227
17.976059
15.534409
15.605026
15.057571
15.187836
19.106216
16.498047
16.964981
18.148315
15.525604
18.506607
18.441666
17.759995
18.848129
17.513733
17.526566
20.180344
19.123611
18.412094
16.509445
14.978958
19.018509
18.262131
19.459137
19.391342
20.195770
19.605820
18.251495
19.248413
19.624313
17.116608
18.455872
17.046509
16.492218
15.470123
17.838837
17.828506
21.654129
18.722519
16.247162
17.428116
17.504044
17.984558
18.406555
19.666763
15.317245
16.333176
17.651093
16.476303
19.048538
14.996460
15.667068
17.331985
19.218063
17.990311
17.771042
18.874557
17.255264
16.852264
17.873718
18.283966
17.649414
17.542542
17.581604
17.251022
17.980362
14.754303
16.086670
15.736404
18.431320
19.331863
17.429688
18.311356
17.315170
17.631668
19.174316
17.504898
18.722641
15.459839
16.608429
17.790695
18.167450
18.024277
15.162949
14.788147
18.682999
16.797791
18.006485
18.512421
17.845856
17.471481
17.591660
17.932724
17.976181
16.693069
15.808792
16.269714
14.226837
14.662537
17.423752
17.565506
19.165039
16.890274
15.734787
16.340866
15.569153
17.300217
16.764755
18.347366
14.970963
16.360367
15.860733
16.312057
17.700363
15.135437
16.342377
17.168137
19.149750
17.824478
17.797409
17.266174
18.313675
16.136337
16.817657
16.369278
16.848770
16.754456
16.790619
16.791000
17.363327
14.827728
13.019043
14.359802
19.422028
15.596420
16.930878
17.352692
16.574432
16.582062
18.493240
17.662674
18.383072
15.209137
14.985138
16.074326
17.540192
16.761215
15.091202
13.786850
17.873459
14.925140
17.629242
16.921814
17.445999
16.200333
16.880768
15.479797
18.716629
16.643250
14.895767
16.479172
14.001068
12.663269
16.320786
15.606857
18.374542
16.544403
13.831924
16.909042
14.854279
16.927277
14.585251
17.202026
13.655365
13.962418
15.854034
14.385834
15.768814
13.322311
14.287781
16.721329
18.578217
17.513718
17.251877
16.606918
15.015747
15.319214
17.125244
16.021149
15.529785
16.408112
15.344421
16.492416
14.021667
14.608475
13.100952
12.999130
17.468826
16.351410
15.848587
16.151733
14.040604
16.063873
16.524033
15.973679
17.581955
16.411972
15.825424
18.738693
18.868103
17.853958
15.670029
15.148712
18.751480
16.310242
19.435471
18.416748
19.359299
17.823975
17.855835
18.907547
18.420074
17.062561
16.275589
18.589035
14.924759
13.775818
18.017136
17.449814
19.819885
17.655273
16.287933
17.745743
16.482574
19.251297
17.149536
18.107758
14.583969
15.805328
16.135071
16.610321
17.686768
15.170242
14.977966
18.022507
17.899582
18.844452
17.385544
16.858139
15.993851
16.693390
16.380020
16.361694
16.748917
17.563400
16.845383
18.000732
16.340240
15.035431
15.542343
15.533051
17.473648
16.576736
16.489700
16.497528
16.486664
17.947021
17.980255
17.362000
19.070831
16.181076
15.193848
17.841202
18.298721
17.731842
15.899353
14.526276
17.720367
13.368027
17.768097
17.007858
17.819168
15.501663
16.443665
16.212021
17.427994
15.826263
15.360138
16.190048
13.432693
12.428070
16.274521
15.844589
19.072723
16.668671
13.999283
16.476898
16.002121
16.645340
15.199890
17.406342
12.876694
15.301025
16.098114
15.488083
17.098969
14.394577
14.947983
15.472900
18.340210
17.151840
15.904724
15.521530
15.256622
15.428299
17.109009
15.295380
15.246658
15.383026
15.300156
16.701202
14.838226
14.254913
14.219910
13.026382
16.909653
15.827621
15.840271
16.885406
14.428986
15.854980
16.385529
15.540146
17.587692
16.725281
15.462479
17.617676
18.204407
15.304214
15.700104
13.556305
17.530746
14.428375
17.349884
17.345322
17.194870
17.305817
15.867737
15.951111
17.087341
14.994736
16.047470
16.289154
14.588440
13.614578
15.412354
16.745651
18.515930
17.036972
14.984772
16.353439
16.766617
17.469009
16.034424
17.126389
13.737228
15.042084
14.491898
15.659607
15.992264
14.192856
13.577515
14.978333
16.524170
16.543564
16.243927
15.976395
14.727539
16.703461
16.082260
16.224121
14.323975
16.743546
16.034958
15.492233
15.525787
13.935654
13.307693
14.051086
16.594208
15.874832
15.253357
16.269943
14.674347
15.198608
16.512131
15.526825
17.976440
14.868820
14.309479
15.843414
17.349899
17.184692
14.803360
14.096024
18.749664
16.734314
18.512589
16.532394
18.024979
16.828400
16.541718
17.023163
18.311493
15.568527
13.980423
16.848404
14.656601
13.534485
16.236313
16.065033
19.227448
16.296127
14.845551
16.755554
14.521011
17.199478
14.058990
17.676224
13.614960
14.357162
15.516876
13.805466
16.687317
12.894547
14.471115
16.192459
17.291565
16.548187
16.681244
16.523819
14.742157
15.263596
16.171112
16.810440
16.569397
15.912491
15.957489
16.376694
13.767212
13.196060
15.327759
13.324432
16.204834
16.361099
15.709457
15.433289
13.972626
15.708679
17.608383
16.695023
17.809097
14.192245
14.046188
16.769257
15.933090
15.300278
13.791275
12.090103
15.315857
13.506058
15.885635
15.173309
15.807312
16.644653
15.043686
15.214294
17.171509
15.258850
14.184906
13.336777
12.651230
13.771561
15.642914
15.043701
17.037369
14.352814
13.393173
13.214233
14.085953
14.768631
14.141144
15.378418
13.398544
13.548203
13.987411
14.913345
14.586136
12.448074
12.389526
14.568771
15.465393
14.132935
13.963806
15.033417
14.501724
13.840332
14.285156
14.511627
14.198318
14.171860
14.502838
14.523758
13.918549
12.536270
11.933975
12.063858
15.235077
13.996933
13.906067
13.964249
13.040131
14.793106
14.959488
14.134842
15.830475
16.911194
15.645981
17.064209
18.831253
17.680618
16.264038
14.285080
18.648193
17.041443
19.451340
18.762009
19.225494
17.443954
17.537094
17.923050
19.835190
17.249832
16.775665
17.004272
15.656952
15.069061
15.681305
16.917496
19.458344
17.414841
15.632629
16.649750
16.399384
18.038956
17.474533
18.204758
14.663025
16.044724
14.541092
16.019531
17.575455
14.834396
14.853058
16.424164
17.299469
17.130615
16.610672
17.378891
16.621002
15.873459
16.695160
17.247971
16.156845
17.829117
17.815552
17.002319
15.741745
14.975983
14.199265
14.237030
18.060944
16.441483
16.095520
15.929718
15.143753
15.988098
17.067886
16.164627
18.106232
17.848007
16.829239
19.436615
20.586380
19.857391
16.914963
16.512772
20.359512
18.889420
20.779251
20.090942
19.400604
19.310593
18.492401
18.207687
21.120529
17.867569
17.353973
18.121017
16.948578
15.743469
17.525162
18.228897
20.678696
17.716705
15.058731
18.386002
17.665314
19.300674
18.546234
18.841507
15.595428
16.607941
16.897339
17.248871
18.314911
14.952194
15.782578
18.507248
19.082947
18.220871
17.451523
19.634155
16.998932
17.517319
19.190277
17.023407
18.092880
18.164886
17.156693
17.715363
16.522537
16.231339
15.455215
15.044449
19.127655
16.984756
17.828156
17.134537
15.748734
18.364243
19.323044
16.868713
20.620819
15.268875
13.755951
16.488998
16.582504
15.916916
13.390167
13.503311
17.740311
15.599625
17.532593
16.215759
17.194550
15.930496
16.155167
16.224106
15.659561
13.055023
12.411453
14.440979
13.908905
12.312408
15.477509
15.432129
17.328857
15.968872
13.261810
15.125153
13.359619
16.640198
14.779449
16.726913
13.150635
14.484406
16.006027
13.144135
15.053650
11.757217
14.105637
14.540405
16.040192
14.756042
14.561783
16.030701
13.663681
14.211746
15.831360
16.233780
14.534836
14.605133
15.151245
15.152267
15.044632
13.118164
12.433167
12.791840
16.184174
14.570862
15.558105
15.075989
13.128143
15.671341
16.129288
15.759323
15.932404
15.709335
15.419861
18.513641
18.711685
18.428223
16.795197
15.602493
18.061111
15.638550
19.489883
17.535080
20.157806
18.796173
18.145752
17.461319
20.311584
16.772095
15.630524
17.049179
15.473114
14.737518
17.990875
16.725754
19.376816
16.581268
15.364883
17.864578
16.164749
18.277390
15.753677
18.599518
14.945984
15.123306
16.909317
15.493256
17.251938
14.403503
14.891281
17.370605
17.411545
17.871307
17.679108
18.396133
15.963669
16.115082
18.474487
16.607162
16.895538
16.550705
16.813293
17.102737
15.484283
15.156021
14.765991
14.609756
18.159683
16.953049
15.851364
16.414474
15.787354
18.296265
18.270187
17.119156
18.672897
15.722961
15.703888
17.629990
18.478699
17.398743
14.376114
15.544907
17.908966
16.096024
18.240570
16.834442
18.386703
16.029404
14.759079
16.108627
17.263657
15.615494
16.095322
17.050018
13.683258
13.758713
16.649017
16.255493
16.886826
15.756638
14.284958
14.427383
15.250259
17.136780
15.654678
16.477936
11.670853
14.939148
15.000183
14.180206
16.422272
14.244949
13.634506
15.421494
16.791504
15.987259
17.003265
17.256317
15.723038
14.906296
15.363708
13.585129
15.712814
15.082642
15.064362
16.286789
15.425980
14.129364
13.049622
13.412643
15.373138
15.982147
15.607803
16.031693
14.095734
14.851608
16.088440
15.956131
16.937439
14.471161
14.275818
17.261444
17.036789
15.245499
15.392853
12.671677
17.234100
14.424103
16.404068
16.886017
17.094727
16.831299
16.136719
14.768585
17.529526
15.186554
15.098602
16.354889
14.458084
13.127655
15.197784
16.076691
17.074783
15.357361
14.546570
15.496475
14.755661
17.167191
14.640198
16.591934
12.422470
14.208740
14.508316
14.845413
15.140137
12.672211
13.294876
15.325180
15.909180
16.503113
14.563110
16.416534
13.806015
16.596481
15.596848
15.588928
14.430984
15.283112
15.330002
15.230011
14.444229
12.016602
14.782349
13.524963
16.053940
15.324402
14.939331
15.494522
14.120193
15.539856
16.564102
14.594086
16.997055
