1055453
972781
1238487
1143301
1204105
1012249
885613
1110701
1011365
1178220
1181825
1121615
1190783
1079569
1122919
1272695
1130470
1013548
1096836
952810
925759
1025536
1064533
1284642
1102361
957625
1069036
998377
1089058
1037790
1144694
929080
998582
1005748
1018532
1169822
894433
881309
1088629
1133283
1135655
1022418
992000
984763
1006650
1044894
1156081
1045733
1045638
1069114
1108765
981895
905064
851073
871203
1156418
1118040
1012043
1087579
946017
1034950
1111403
1119079
1151078
1044036
998123
1054294
1128144
991626
944589
901688
1211461
995338
1174949
1085293
1188631
1090260
1079669
1124697
1148998
1017730
967382
1031165
943652
860368
1032475
1101799
1157854
974598
1022711
1032900
992509
1075828
1002024
1074382
799643
933370
909935
1007680
1067768
820072
847922
1031385
1093617
960853
969869
1055643
951472
991401
1023601
1067954
972317
1013228
1049101
915842
976819
788986
944845
872261
991824
971475
1001145
1013449
953011
1037778
987794
975300
1122215
1028196
995730
1088920
1014729
1118632
954398
877280
1196907
1042578
1151480
1162466
1171944
1037269
1106248
1006469
1151693
965765
988980
1015340
966130
989036
1004691
1039789
1277579
971925
915436
1028397
946443
1088660
989473
1094895
942291
970792
976870
941154
1067166
730951
950144
1063325
1005815
980124
1033172
1112538
1047278
951871
994523
1020086
1089274
1067792
1042614
1086242
908555
868251
852974
943943
1080608
1200286
882112
928120
833305
1096734
1112570
1082220
1129166
1080263
1055858
1119120
1250553
1130747
1037000
962061
1186760
1175301
1189470
1141409
1170251
1140391
1052596
1070138
1232004
1019491
1028124
1132515
998160
929083
1042217
1089131
1237044
1070054
966295
1085781
1047167
1209116
1090364
1192861
874482
952735
1065178
1022250
1165334
917970
945632
1057898
1078148
1056760
1110631
1195590
1061025
1018559
1091297
1072012
1046441
1127486
1061657
1114348
1033577
928544
899237
876031
1122817
1109695
1039510
1068572
933074
1025062
1143172
1051577
1111235
905861
863808
913193
1033983
910667
895769
802859
957542
929070
1049433
976194
1082967
962329
929348
904316
1059149
898391
955868
975230
885316
755557
914112
930208
1034578
942091
774637
974803
940385
912383
974313
1029715
742788
762670
899785
781691
1016923
777461
754524
946589
964865
1004224
862682
1010423
857241
866926
934845
945039
879671
982199
898735
913680
887356
732404
832234
767746
907255
1002897
896841
911658
837421
828460
944391
998493
938793
1172397
1106597
1227949
1224866
1230814
1147932
986381
1350601
1199691
1458949
1288868
1289138
1213848
1267452
1213165
1243145
1201977
1141651
1228197
1001860
1029653
1231610
1234335
1341812
1181840
1155577
1128964
1119736
1253271
1145236
1323668
1027876
1122788
1128199
1107792
1291884
1028998
1046779
1223429
1209330
1218772
1189038
1118626
1225012
1115857
1183180
1200031
1130104
1192641
1225631
1215496
1118101
1035432
1057524
967561
1320724
1147846
1102114
1104604
1090018
1166372
1251694
1193145
1244082
1095193
1062056
1081123
1119327
1198411
923101
923445
1246279
1106627
1227009
1101266
1105258
1089058
1120969
1078419
1149055
1032529
964667
1120991
958954
931989
963136
1034623
1285752
1122073
929781
1166420
978659
1137943
1027000
1072126
906171
988135
1025924
952077
1135321
815850
990245
1148465
1057380
1015565
1023285
1039383
1016196
964924
1070563
1156240
1068670
1032110
1056520
1078789
946723
993239
929356
878835
1109871
1034699
980676
996479
879790
1094943
1072710
1052634
1116732
917994
906183
1013049
1121594
1042503
846311
857096
1128368
923898
1140250
1045396
1129317
983406
1012527
1002196
1171990
1030583
886709
1047079
902397
822610
1053329
980750
1072964
1069218
844042
1047803
932022
1090830
964204
1048224
797580
908935
934317
884280
1083934
811182
911655
1055839
1035014
1071880
943190
984462
853888
915968
965583
1032912
954186
1049971
975319
987712
980051
891196
781150
784289
1034121
884953
1034535
1000685
874524
972022
975404
1046713
1073354
1114840
1150054
1219023
1261104
1183656
1037300
999654
1252051
1075776
1269805
1202005
1227658
1138584
1071465
1207670
1296502
1164565
1059406
1151604
1100924
947303
1104039
1102888
1344950
1172700
1015033
1082551
1107278
1217865
1087008
1122764
1005352
1047157
1081217
1073234
1187820
938888
962776
1111679
1227006
1096306
1200779
1191248
1130377
1006397
1168423
1057450
1140104
1112087
1142068
1142486
1060896
966130
903222
944119
1167956
1206139
1066723
1051906
890404
1071378
1213898
1089641
1262369
959849
924207
1112300
1071750
1007248
980821
812088
1106091
932524
1149487
1128654
1113584
1087492
1116793
1049666
1150660
971882
983607
953309
890774
933730
1133923
1038170
1177736
995282
944679
964808
944238
1001453
921945
1112299
875329
955128
978728
999868
1079028
857488
771205
1037426
1073536
1016440
942732
952727
1018684
937271
947957
940662
965414
979978
948272
1077528
979322
869448
880276
817829
1092934
1072576
984680
955033
980143
1021440
986650
995381
1107375
1082671
1050025
1249278
1247962
1145818
1051393
914648
1302515
1147860
1356086
1228687
1322199
1205149
1116541
1232619
1245387
1061291
1072545
1128493
986899
970212
1110437
1147881
1361593
1159362
1159285
1095816
1110822
1274621
1200153
1309642
960474
1112875
1086971
1019042
1092976
1050103
1022107
1166836
1229320
1149077
1145274
1183371
1102271
1085346
1182513
1161905
1059737
1187481
1126433
1145282
1113257
947962
939787
956743
1181318
1072314
1071872
1104869
1074595
1083703
1202154
1091669
1215055
965300
1014711
1111797
1194629
1149353
1035084
922268
1150987
1009876
1186940
1118865
1165795
1132099
1111334
967028
1107639
1067395
1026174
1039268
937958
882212
1046141
1132687
1168558
1076502
857361
1065996
1046305
1144872
1044717
1150417
870488
903438
939165
998138
1103639
968918
956868
1079954
1090166
1120736
1050934
1118744
1092214
1077875
992376
975401
977194
1099341
1054723
1031886
993396
863576
900547
996720
1211435
1046598
1043233
991250
1011565
994868
1125418
1104659
1166479
1024680
980865
1035277
1095270
1125663
910029
897885
1183675
1083523
1174334
1131293
1173735
1066143
1009473
1026564
1156031
1050308
995433
1031210
907597
845357
952300
1001303
1252624
1042348
804674
1090571
1021582
1087776
1037065
1072338
912033
891872
1006923
972813
1072507
873062
976105
1079469
1141800
1003070
1000886
1044527
1002974
952250
1119833
983382
997802
988897
981737
1002463
912660
865572
877057
916009
1087319
991451
1015439
1008821
872672
1043175
1015842
1036456
1121558
907289
795298
941416
960641
991968
847394
745550
1044563
870007
1084179
1008013
1017250
986427
957012
933881
1025512
838497
890733
896169
810509
824391
924303
883001
999772
853896
830692
933444
803956
986093
904570
989852
849002
860510
833944
820595
903490
711871
851269
882930
980356
906014
909465
897728
744557
945890
940559
889249
945104
882683
861258
936630
838302
820584
767579
759099
864624
868863
864365
893904
815498
880363
1016846
829411
955406
878305
834614
1008516
1030645
1014273
898724
815774
1075225
864948
1104424
996067
1117783
968090
981333
925022
1075348
935025
885311
1013335
792482
880640
1039801
953281
1045216
928946
836263
932287
823064
964762
940342
1103151
818271
793147
923821
962209
1051176
842865
835737
969697
1014661
972381
880285
943495
982204
843987
934832
886332
877487
945545
875405
973720
970797
815516
805147
775035
1055786
982748
989644
865301
925254
955901
962038
946507
1009039
1160623
1015295
1221328
1251295
1234005
1008233
1002671
1279515
1103074
1353549
1225335
1245736
1196255
1127087
1136495
1288662
1157439
1001007
1151834
1082191
991341
1149606
1167396
1229704
1181062
965955
1067439
1077976
1177438
1062626
1190872
962454
1041458
1104170
1059084
1133955
945505
903918
1141075
1263744
1090052
1060200
1102832
1112759
970577
1143230
1048746
1059968
1090184
1063068
1140450
1068675
921941
913147
897813
1133868
1086603
1110604
1090036
922379
1090410
1150169
1063285
1225032
1144179
1065878
1242203
1319651
1290885
1079055
987919
1376692
1153169
1431540
1361307
1332915
1361619
1263245
1219153
1390522
1171651
1153572
1216470
1107897
1079178
1226563
1223142
1429468
1178149
1039798
1230366
1086873
1314913
1252852
1339890
1056457
1095636
1174968
1131830
1301896
980356
1119274
1241612
1225320
1260103
1101399
1200236
1141290
1231279
1182387
1291086
1241007
1245260
1187132
1285385
1164910
1023623
1052262
1032296
1321747
1225243
1218608
1139346
1135314
1217479
1281332
1185011
1281900
1112019
1036711
1173026
1188514
1109479
1060370
916067
1257560
1076760
1188381
1160660
1254975
1219564
1085284
1038243
1262966
1148458
1016667
1078345
978218
1022556
1085472
1107135
1237890
1108202
845440
1121477
1079852
1152219
1067590
1180697
937077
922258
1049926
1039083
1112826
954372
944451
1056476
1186565
1115560
1024334
1166324
1043009
1025040
1145351
1082583
1020223
1051552
1088125
1105880
1006942
900429
941494
894092
1242248
1140725
1082334
1007560
968149
1087987
1106782
1050267
1182053
1097970
1081012
1247761
1235522
1228004
1054067
954571
1248175
1098598
1299100
1152324
1251398
1152528
1103527
1203875
1297033
1141378
1138684
1178023
1047740
991932
1144389
1128513
1296112
1170110
1000544
1228814
1200313
1190182
1146941
1201976
1007033
1076784
1079239
1088838
1174376
1042349
1026891
1177045
1202676
1255708
1206670
1180430
1141563
1032957
1187610
1151894
1112187
1260021
1215431
1165605
1079798
975395
985098
981519
1230960
1173662
1105857
1062871
1044757
1127557
1220667
1075710
1194879
971213
943327
1129033
1183808
1139175
964478
937134
1164579
944713
1141705
1144423
1186140
1128273
1089729
1049646
1225557
1069876
1081469
1072779
976837
957195
1103191
1080294
1142302
1052085
948313
1009661
1010578
1053589
944068
1061949
860013
995764
981730
976488
1063439
864112
877107
1065105
1080447
1133603
1059999
1121717
1034784
1002330
1078655
1083343
1110107
1065026
1073459
1021117
962273
864434
943980
862095
1087704
1051468
1041226
988845
951801
1032295
1121379
1004159
1202369
1066459
1093872
1225511
1138551
1195165
1027465
967890
1192402
1063907
1219654
1150152
1242966
1089056
1178310
1134945
1183774
1097509
1029927
1088741
1000084
969306
1175697
1083445
1216080
1113785
950937
1046037
977570
1130437
1060985
1145645
941408
999902
1010790
1039264
1068855
912720
900050
1095359
1122998
1123029
1086805
1104550
1108394
1032677
1057615
1081471
1069132
1073398
1064670
1115991
1088304
942083
854635
932281
1202083
1146156
1126875
1004876
973978
1070514
1161469
1146034
1244995
1064888
1005516
1123110
1109873
1138460
982849
909701
1255982
1078880
1156393
1073818
1204657
1146336
1161221
1100739
1172668
1000784
1038563
1064597
987434
919349
1130613
1122782
1233565
1116891
909777
1167470
1031095
1073745
1048730
1124994
938310
1105553
1069048
1013526
1118962
866217
987281
1197197
1208645
1167418
1050094
1173674
1056138
931727
1100379
1089402
1038426
1115957
1129939
1052763
1042493
933728
914886
950656
1146755
1071320
1123064
1057445
991861
1135780
1128437
1151516
1162005
1097731
1117758
1395488
1296559
1244033
1166433
1010465
1279443
1104460
1342132
1358173
1302593
1249533
1189379
1242459
1347149
1123660
1127645
1069584
1041572
986590
1153524
1266915
1433753
1130115
1044500
1130194
1057681
1264412
1189311
1213088
1010605
1067862
1099497
1136044
1220591
1010450
1029346
1151681
1279002
1170427
1228160
1291828
1092649
1165221
1183152
1154946
1172530
1178856
1195013
1171563
1104643
949377
966349
1023158
1282106
1198642
1155224
1113358
1022506
1093451
1306234
1163265
1282285
1002147
997168
1136446
1092209
1027060
1042462
802311
1036183
1011569
1114388
1156994
1182191
1099240
1074889
1038589
1231526
1067904
1010120
1001220
1029912
903592
1039533
1013068
1252613
1036585
869023
1067737
1040817
1066570
1007583
1077826
903792
867982
998733
996607
1032110
904022
788806
1074051
1022141
981215
926581
1052664
936594
982509
1068535
998314
962152
947907
946355
1010853
947645
813865
921703
845376
974557
1067618
942861
978400
901930
954764
1072828
963339
1125008
1025628
1029373
1172451
1187386
1116536
1057543
956563
1243840
1018491
1212972
1139884
1254951
1178008
1114884
1067407
1205878
1019848
1038661
1035898
910235
866440
1123658
1050149
1183285
1102881
928921
1106326
1003476
1192240
1055898
1204274
889226
912491
999636
989389
1160640
878185
815187
1081861
1152817
1099576
1008014
1131578
1032520
1050876
1112712
1082109
981590
1059680
1024615
1090146
1042830
905653
899523
854352
1142919
1113008
1093024
1061582
935555
1024759
1000428
1029281
1099859
1001725
1014283
1058130
1229656
1187336
1059729
901519
1244751
1097481
1241485
1120116
1223150
1044196
1122402
1104626
1245181
1089801
1080079
1180536
1003721
939182
1083432
1026429
1308301
1030635
1017387
1153783
1040029
1200596
1025958
1191164
930642
1036422
1059248
1020385
1169213
927477
1047343
1169035
1122320
1164924
1126615
1150289
1001633
1029294
1130813
1092458
1129245
1139038
1079883
1155811
945250
999206
961845
891710
1140416
1090800
1015303
1050663
963617
1112252
1218796
1103854
1164651
1046217
930162
1157022
1199551
1122099
987440
944943
1237688
1027034
1301283
1145493
1220485
1123889
1077805
1152787
1149831
968365
1013641
1094103
970806
919364
1065821
1093732
1192370
1106102
1013077
998977
984654
1155914
1043050
1227919
945549
1009955
1001474
958682
1080552
907771
916888
1077522
1113691
1080143
1058197
1052050
1037587
997794
1054284
1060231
1028523
1060445
1089073
1103395
1092154
917116
831251
847341
1140307
1031019
1078752
1014301
924594
1035538
1165610
1083691
1120996
862905
864545
1012429
1039223
974964
918569
790439
1048499
874105
1078705
1003993
1098143
971419
964119
890420
989583
894213
928170
911728
794027
784109
852299
926195
985261
940924
843128
836831
858422
978609
970599
1009762
743841
865820
854504
856793
1023210
774084
840658
911600
1013493
984632
839967
1012260
883907
844302
944713
866498
831022
852770
899779
852464
952595
767587
871758
810791
1006210
918163
870066
937416
870901
922199
982345
904474
995327
903668
889251
1001956
1020880
1000797
942948
784048
1091142
896087
1114544
1012432
1131854
1060085
1043572
1042059
1080264
939403
939091
943777
852078
854611
963412
895332
1058319
988429
951944
937305
899529
1038425
931570
1088424
927300
914566
947840
935544
1029060
860985
909845
1000496
1002303
1019104
983785
968927
983347
964208
1009880
999337
934789
1028974
995477
968998
937844
831832
831603
820443
1049108
947497
946893
887462
929372
937490
1017601
938956
983131
906735
866717
1004164
1073126
1017025
860989
878667
1041511
951790
1020990
1069315
1053444
1052935
991546
966617
1054043
924496
874715
1013186
869382
785494
908636
970401
1061153
982261
875600
929572
914648
1069252
889213
943627
782810
905994
879189
879441
974719
777313
821932
946616
919781
1000665
1011347
1008447
840171
908309
982911
1003190
1010425
960909
952060
964442
880387
849085
815392
781950
954569
918980
877915
921989
803735
912223
1012933
982344
1134125
1018151
1035192
1150379
1319800
1160943
1089892
1014972
1184706
1022295
1249589
1165287
1240227
1084234
1214350
1102879
1231781
1103414
1031724
1144533
1051945
941879
1124320
1116876
1208929
1102494
996142
1151897
1013866
1191232
1070777
1206419
837924
971945
1085451
1072930
1067722
967978
988680
1092706
1208729
1099296
1120733
1203472
1034563
1120364
1143480
1049163
1127999
1113165
1072311
1072496
1058283
922976
974600
837478
1132081
1044343
1154514
1090329
1003165
1086563
1265296
1074167
1291853
1001153
952690
967820
1135428
1048066
933603
804735
1115620
954301
1133791
1026119
1058173
994719
1017294
957877
1107077
1018926
939940
1052415
1015604
837153
993669
1006147
1091105
999027
829456
1088946
1057452
1075359
985945
1016009
841417
873270
887415
936073
1019632
846791
886713
1009395
1059635
1001990
930170
985509
904926
988098
984238
947128
930720
1026708
965804
1017112
923671
893796
852231
841928
1027320
924809
979228
934314
886306
935404
1045584
942606
1082085
942218
889567
1080871
1051017
1043109
900022
886686
1175958
930385
1196291
1079620
1126191
1002420
1009927
1050777
1079075
1071831
930205
1021466
933454
868716
1082543
1007349
1210374
1003078
951424
985861
908679
1073725
916465
1049174
922125
942707
984303
958612
1022352
788250
865996
1090821
1081299
1088930
1016890
981522
966157
911550
1024199
1043186
973735
1080594
1032269
1035722
898402
877257
784189
832637
1052507
978242
964803
901346
859727
1040487
1031549
1059661
1158983
1063810
1042118
1166859
1260420
1195237
1052159
1037847
1306494
1061066
1332391
1273408
1254567
1137061
1193495
1152262
1218761
1089743
1041749
1135237
1030003
976762
1152057
1147252
1313063
1133423
987938
1206254
1036643
1181877
1110020
1242038
946662
1096525
1087032
1122866
1142067
967489
1002844
1164424
1358461
1150136
1227529
1125818
1114322
1094459
1218071
1043530
1126154
1066077
1140275
1056708
1162164
908190
963175
972804
1135824
1212290
1144418
1203731
1020709
1154027
1187587
1134782
1223610
1089795
1123601
1203643
1178780
1113706
1043475
970460
1238805
1074343
1281341
1199170
1279692
1183897
1168151
1157283
1276276
1151725
1029559
1053018
983797
967743
1104328
1149994
1258549
1082606
1065778
1079745
1118251
1212818
1135775
1188299
921610
974827
983278
1013830
1129732
925309
973589
1086704
1106564
1113522
1085711
1188917
1070212
1094205
1090033
1173083
1046676
1166572
1147674
1067603
994211
881761
911811
1015911
1242404
1050650
1021586
1015090
1054156
1061222
1084079
1061109
1223701
936572
915607
1069650
1058812
1102203
970621
858088
1055089
950798
1127794
1098657
1039627
1061046
1039030
1002389
1087033
902430
865247
985566
895918
791961
947917
962836
1229905
973782
950890
993731
933225
1079261
1005110
1092639
877015
947907
924623
944357
1058285
799354
881561
962370
1056711
937853
1021021
955814
969152
948675
1028961
948061
979079
943499
958515
1060993
961627
852232
799880
880185
1010265
1030331
834533
1017264
841511
963760
1026260
973390
1033144
1013023
948460
1067735
1122829
1023803
948325
813103
1191922
945106
1172854
1055088
1159940
990305
977603
1016424
1147449
933706
879227
1025821
945969
836635
892766
947419
1215363
1087937
851081
975606
949934
1116278
1042110
1118388
867856
945131
951846
907231
1024680
847862
842436
1060112
1065397
991516
924206
1019392
956775
898944
1006374
1009311
877779
979957
908880
990066
981487
894940
739609
768492
976185
984905
981063
958761
832275
911930
1059420
988281
1049186
1044504
944883
1079715
1112792
1044126
965373
867319
1123397
923366
1172615
1116842
1225806
1074859
1047637
1124346
1200366
965253
918869
1087219
932145
810072
951376
1067627
1258259
1041834
966965
1018463
958449
1126285
1034396
1113728
921674
943758
1007937
1004813
1018178
857548
890615
1064417
1170868
1029311
1059351
1040280
960546
983540
1065142
1017416
967145
1019872
990859
996141
967348
864712
890869
837625
1014174
1017551
955083
941447
948534
995276
1082168
975067
1089237
1266274
1188849
1416284
1296650
1343115
1130919
1068250
1358331
1204589
1370843
1377175
1334879
1321705
1299154
1343967
1373449
1231975
1198570
1181641
1160384
1112986
1311548
1294197
1456527
1290074
1054696
1207538
1190687
1279547
1231303
1293698
1136772
1157319
1159465
1153842
1313232
1071009
1056127
1219921
1337738
1293230
1221600
1285663
1257634
1166407
1220424
1283531
1203060
1241995
1210499
1291274
1262464
955794
974566
1071007
1306318
1293025
1251287
1201880
1125763
1241720
1284911
1243520
1317399
1001881
1074949
1079627
1136536
1059397
1112346
898177
1072750
955660
1148198
1064795
1174820
1080806
1139771
1035920
1098421
1062666
1005109
1073223
947188
816268
989805
1014780
1149045
1041165
986441
1059717
1060148
1156017
1022890
1142642
859879
863991
1016467
1101735
1080661
925334
912298
1020851
1111893
1045648
1022418
992011
1018246
1102003
1097930
921393
964616
1046481
998977
1043272
920483
990529
983394
856685
1141092
1036849
975613
1021044
953571
983952
1118099
1063094
1154737
1185636
1196865
1308207
1289025
1233459
1079973
1022400
1418719
1272812
1364994
1290270
1360338
1260678
1264366
1209973
1267860
1221162
1127860
1206891
1107973
986094
1222926
1267814
1371389
1256333
1029445
1280274
1171220
1305744
1225347
1288582
981733
1046114
1149895
1114187
1209515
979445
1112171
1214748
1312945
1148045
1146440
1279849
1071505
1224356
1203224
1250278
1147995
1219226
1223242
1127803
1126675
984474
1039139
1064330
1240317
1149643
1225068
1203458
1091993
1182887
1260968
1211796
1331495
1047781
973201
1188735
1260027
1093028
1024353
951990
1273050
1103974
1259794
1269369
1219302
1158314
1152389
1182455
1200169
1073330
1063070
1077867
1021624
985412
1145390
1130282
1280387
1127001
1010883
1125214
1117479
1120863
1125330
1155505
1002740
1018583
1001678
971294
1114772
965038
971318
1062685
1203210
1156232
1111835
1195823
1041343
1046990
1100452
1182428
1167458
1110779
1094262
1044599
1079421
908945
944734
988368
1152606
1020226
1068047
1094010
1019087
1084293
1256645
1029930
1270553
982157
919199
1133968
1175773
1074431
930473
901952
1164009
990096
1128849
1015320
1120853
1094576
1004049
1049824
1186726
913297
903906
1023650
886852
928694
1065747
1082386
1239305
1057690
939277
1091447
935898
1078458
982091
1118551
875648
934964
1019500
929028
1085163
872830
919236
1041625
1089288
999478
1097610
1125551
939459
912246
978226
977233
999335
1051692
1028650
1047512
1002027
880719
860824
871185
1038515
1056024
1002953
940709
917956
1014462
1129002
1044176
1088776
953182
968379
1022877
1145513
981792
919480
823597
1132376
1023229
1077718
1042731
1106055
1066702
1024238
966215
1163982
956883
989504
1067190
832939
907170
1029953
1036644
1106618
969404
912673
995214
905105
1039728
919694
1013219
776278
897441
890156
867474
1015621
845433
805710
965891
982742
1021739
976567
1065764
874088
876656
948839
984909
1034749
963309
951518
987788
929785
901468
850942
843687
1016707
937560
925298
965937
846966
1010844
1044435
1010019
1123945
1062199
1035775
1186703
1213304
1239667
1062620
914086
1230681
1088298
1315610
1244951
1129646
1176039
1131365
1156541
1309331
1056305
1068590
1167152
1021981
940264
1085117
1088499
1371022
1112611
979355
1235917
1131853
1212175
1127363
1225882
1008698
1027448
1100695
1064578
1119575
938271
1043655
1200689
1246331
1180552
1117415
1098717
1004632
1089384
1148242
1087549
1120121
1152031
1081124
1157477
960508
1008256
964347
989163
1113514
1101729
1034148
1113772
947546
1092678
1196760
1009374
1137968
1072728
1088888
1233620
1226671
1193435
1090458
1001610
1199363
1114322
1210466
1210408
1259294
1094338
1068300
1104782
1183165
1074382
1113587
1099998
1024272
927869
1073299
1131431
1253025
1046621
978009
1100943
1161137
1130317
1121844
1236058
888962
1066169
1107518
1082106
1163124
1011180
1034211
1051478
1188547
1117709
1096068
1169957
1098426
1045441
1137064
922233
1070080
1103599
1062734
1065388
1028573
995799
988566
922840
1201530
1136700
1006945
1104526
1056532
1048433
1270776
1073054
1278475
916192
891223
936633
1062347
962056
835056
846218
1108624
896230
1148971
1095637
1076486
995620
1072445
1047429
1075098
999991
916021
893669
904640
834042
1043276
1005456
1102292
937156
922047
949842
862825
995128
961156
1044380
823837
920582
933584
900099
1000958
803605
859990
999249
1093032
1006946
979716
967626
974963
939622
913112
960502
953009
985804
992008
938092
976228
809454
768513
827620
1023344
983969
950704
924504
945179
1001777
1026188
939686
1090294
1223886
1174232
1278406
1321488
1236845
1156400
1101414
1462569
1221113
1426701
1284082
1464449
1287712
1251954
1276690
1377986
1282989
1130245
1312040
1133372
1107331
1245722
1254746
1364977
1262589
1079330
1208979
1129532
1386738
1150607
1408929
1101859
1069336
1271823
1177956
1296369
1017334
1096446
1223119
1329554
1273894
1255296
1272121
1180635
1148148
1263545
1171398
1148953
1255684
1255306
1213509
1140064
1074450
985077
990672
1338343
1266045
1275762
1119523
1047975
1245227
1311631
1264433
1288618
1005817
1010534
1186731
1088977
1129040
1046016
882214
1218778
1070896
1186802
1058761
1223762
1123776
1116329
1094065
1166361
1040887
977280
969302
969503
955948
990095
1020903
1258137
1113013
985716
1151883
1074215
1081142
1087587
1199719
949498
1022643
955856
1023541
1082833
970619
940769
1116010
1192151
1064468
1047890
1108738
1075764
987342
1139063
1037437
955385
1129760
1094327
1023789
1043328
856842
836478
922868
1161998
1052548
1010859
1027994
1009234
1041769
1108547
1099077
1181649
1148790
1108996
1194401
1265903
1237148
1043563
942826
1371113
1083738
1279649
1229782
1281584
1232548
1136339
1176583
1386878
1131064
1055576
1177765
968361
1020746
1124523
1192189
1446213
1131764
1050417
1221470
1076138
1241971
1035996
1282663
1045199
1126896
1172167
1073607
1181287
934494
1130375
1237075
1264127
1213978
1140543
1171233
1109017
1045452
1175855
1181719
1122721
1121062
1106197
1178079
1018063
1022691
986813
995350
1252145
1081216
1111817
1189368
1017486
1212849
1208593
1163919
1235231
1147780
1148621
1322539
1253285
1206655
1081963
981661
1246397
1196827
1275274
1270831
1323550
1284887
1196130
1261464
1286099
1121754
1209524
1117160
1080834
1013850
1169086
1168409
1419125
1226999
1064774
1142169
1147145
1178636
1206292
1288881
1003831
1070411
1156782
1079791
1248365
982808
1026757
1135869
1259475
1179013
1164643
1236963
1130841
1104430
1171372
1198258
1156672
1149668
1152228
1130563
1178361
966938
1054256
1031301
1207915
1266933
1142272
1200053
1134767
1155509
1256608
1147201
1227007
1013176
1088450
1165931
1190622
1181239
993719
969156
1224409
1100860
1180073
1213230
1169546
1145011
1152887
1175239
1178087
1093997
1036045
1066252
932370
960924
1141883
1151173
1256000
1106921
1031195
1070915
1020340
1133787
1098695
1202413
981137
1072193
1039449
1069027
1160011
991916
1071014
1125131
1254998
1168145
1166371
1131556
1200205
1057511
1102162
1072777
1104201
1098020
1100390
1100415
1137923
971750
853216
941084
1272842
1022127
1109582
1137226
1086222
1086722
1211973
1157541
1204753
996746
982066
1053447
1149514
1098463
989017
903535
1171355
978134
1155350
1108988
1143341
1061705
1106298
1014484
1226613
1090732
976209
1079979
917574
829900
1069599
1022811
1204194
1084254
906489
1108151
973490
1109346
955859
1127352
894918
915041
1039010
942790
1033425
873091
936364
1095849
1217542
1147779
1130619
1088351
984072
1003960
1122320
1049962
1017760
1075322
1005612
1080847
918924
957381
858584
851911
1144837
1071606
1038653
1058520
920165
1052762
1082919
1046851
1152251
1075575
1037135
1228059
1236540
1170077
1026951
992786
1228897
1068908
1273723
1206960
1268731
1168112
1170200
1239125
1207178
1118212
1066637
1218251
978109
902812
1180771
1143591
1298916
1157056
1067446
1162985
1080202
1261653
1123912
1186710
955775
1035818
1057428
1088574
1159120
994197
981596
1181123
1173067
1234990
1139379
1104815
1048173
1094018
1073481
1072280
1097657
1151035
1103979
1179696
1070874
985362
1018583
1017974
1145153
1086373
1080669
1081182
1080470
1176176
1178354
1137836
1249826
1060443
995744
1169241
1199225
1162074
1041980
951994
1161322
876087
1164450
1114627
1167797
1015917
1077652
1062471
1142161
1037190
1006642
1061031
880325
814486
1066567
1038391
1249950
1092398
917457
1079830
1048715
1090869
996140
1140742
843887
1002768
1055006
1015027
1120598
943363
979631
1014032
1201944
1124063
1042332
1017219
999858
1011109
1121256
1002398
999205
1008142
1002711
1094530
972438
934210
931916
853697
1108191
1037279
1038108
1106602
945618
1039072
1073842
1018439
1152627
1096108
1013349
1154592
1193044
1002977
1028922
888426
1148895
945578
1137042
1136743
1126883
1134154
1039908
1045372
1119836
982695
1051687
1067526
956068
892245
1010064
1097443
1213460
1116535
982042
1071739
1098817
1144849
1050832
1122395
900283
985798
949741
1026268
1048069
930143
889816
981620
1082928
1084199
1064562
1047029
965184
1094678
1053967
1063264
938736
1097305
1050867
1015299
1017498
913287
872133
920852
1087518
1040373
999644
1066267
961698
996056
1082139
1017566
1178104
974443
937786
1038314
1137043
1126216
970153
923797
1228778
1096700
1213241
1083467
1181285
1102866
1084078
1115630
1200062
1020299
916221
1104177
960535
886996
1064063
1052838
1260090
1067983
972918
1098092
951649
1127185
921370
1158429
892270
940911
1016914
904755
1093620
845057
948379
1061189
1133220
1084502
1093222
1082905
966142
1000315
1059790
1101689
1085892
1042841
1045790
1073263
902248
864817
1004520
873230
1062000
1072241
1029535
1011436
915710
1029484
1153983
1094125
1167137
930103
920531
1098990
1044191
1002719
903825
792337
1003740
885133
1041081
994398
1035948
1090824
985903
997084
1125352
1000004
929622
874039
829111
902533
1025174
985904
1116561
940626
877735
866008
923137
967877
926754
1007840
878087
887895
916679
977361
955917
815797
811960
954779
1013540
926216
915132
985230
950385
907040
936192
951034
930501
928767
950458
951829
912166
821577
782105
790617
998446
917303
911348
915161
854598
969481
980385
926341
1037466
1108292
1025375
1118320
1234125
1158717
1065880
936187
1222128
1116828
1274763
1229587
1259962
1143207
1149311
1174605
1299919
1130485
1099410
1114392
1026094
987566
1027690
1108705
1275222
1141299
1024500
1091158
1074750
1182201
1145211
1193067
960956
1051507
952965
1049856
1151825
972187
973410
1076374
1133738
1122672
1088597
1138943
1089274
1040283
1094134
1130363
1058855
1168449
1167560
1114264
1031651
981466
930563
933038
1183642
1077509
1054836
1043970
992461
1047796
1118561
1059365
1186610
1169687
1102921
1273798
1349149
1301374
1108539
1082181
1334281
1237937
1361789
1316680
1271438
1265539
1211918
1193259
1384155
1170969
1137310
1187579
1110742
1031764
1148529
1194649
1355199
1161082
986889
1204945
1157714
1264889
1215446
1234797
1022062
1088418
1107384
1130422
1200286
979907
1034327
1212891
1250620
1194123
1143703
1286744
1114042
1148015
1257654
1115646
1185735
1190454
1124381
1160994
1082821
1063737
1012873
985953
1253550
1113113
1168386
1122929
1032109
1203519
1266355
1105508
1351406
1000661
901510
1080623
1086751
1043131
877538
884953
1162629
1022337
1149016
1062716
1126862
1044021
1058745
1063263
1026265
855574
813397
946404
911534
806906
1014334
1011360
1135664
1046536
869126
991242
875536
1090532
968586
1096215
861840
949250
1048971
861414
986556
770521
924427
952920
1051210
967052
954321
1050588
895463
931381
1037524
1063897
952555
957162
992952
993019
985965
859712
814820
838326
1060646
954916
1019616
988020
860366
1027037
1057049
1032803
1044146
1029527
1010556
1213310
1226289
1207712
1100690
1022525
1183653
1024888
1277289
1149179
1321062
1231826
1189200
1144345
1331140
1099176
1024362
1117335
1014046
965838
1179050
1096139
1269879
1086670
1006953
1170773
1059373
1197827
1032433
1218938
979500
991121
1108169
1015366
1130623
943948
975915
1138400
1141083
1171214
1158618
1205609
1046195
1056118
1210744
1088367
1107266
1084667
1101876
1120845
1014778
993265
967704
957465
1190113
1111035
1038835
1075739
1034640
1199064
1197355
1121921
1223747
1030420
1029170
1155399
1211020
1140244
942153
1018751
1173682
1054869
1195414
1103262
1204991
1050503
967251
1055695
1131391
1023377
1054823
1117390
896746
901691
1091110
1065320
1106695
1032627
936179
945513
999441
1123076
1025945
1079898
764861
979052
983052
929314
1076250
933557
893551
1010663
1100448
1047741
1114326
1130910
1030425
976899
1006876
890315
1029755
988456
987258
1067371
1010957
925982
855220
879011
1007494
1047406
1022873
1050653
923778
973315
1054372
1045701
1110012
948382
935580
1131246
1116523
999129
1008786
830451
1129454
945298
1075057
1106642
1120320
1103056
1057536
967874
1148815
995266
989502
1071834
947525
860334
996002
1053602
1119013
1006460
953324
1015577
967027
1125069
959460
1087369
814119
931184
950817
972909
992224
830486
871293
1004351
1042624
1081548
954408
1075874
904791
1087667
1022155
1021636
945749
1001594
1004667
998114
946617
787520
968776
886372
1052111
1004300
979064
1015449
925381
1018420
1085545
956438
1113919
